cat sky.dat
20190316 019 151.995651 41.8394012
20190407 021 140.660843 42.3429718
20190414 009 91.4723892 21.9234962
20190429 024 98.3556824 24.6696339
20190504 023 98.4816589 26.3996544
20190527 016 149.622284 40.8532791
20190624 017 87.7031021 21.5829525
20190731 015 47.8762474 11.3582487
20200101 026 131.990692 34.6067085
20200124 030 53.9538612 13.0085554
20200131 018 68.3005829 17.4631062
20200227 031 73.5956039 19.3974781
20200325 033 79.0708160 20.6141491
20200415 017 60.4960327 14.2668982
20200423 019 90.4846191 26.6211720
20200428 020 66.5556641 16.1131516
20200519 013 91.0601578 26.5313721
20200528 019 76.2391510 22.0110722
20200622 013 93.4227829 22.5354767
20200623 013 155.187241 35.1679840