nifu.dat
20190316019 2.7570621468926553 2.1242937853107344 1.4463276836158192
20190407021 4.48 3.52 2.262857142857143
20190414009 5.079754601226994 3.803680981595092 2.1104294478527605
20190429024 6.857142857142857 5.005714285714285 2.1942857142857144
20190504023 5.6 4.0685714285714285 2.3314285714285714
20190527016 2.6153846153846154 2.10989010989011 1.5164835164835164
20190624017 6.56 4.7542857142857144 2.88
20190731015 7.957219251336898 5.454545454545454 2.5240641711229945
20200101026 4.9 3.4833333333333334 1.7333333333333334
20200124030 7.485477178423237 5.045643153526971 1.8589211618257262
20200131018 6.15 4.35 2.4166666666666665
20200227031 5.108433734939759 3.4698795180722892 1.8152610441767068
20200325033 4.061302681992337 2.9578544061302683 1.7777777777777777
20200415017 4.186770428015564 2.67704280155642 1.5252918287937742
20200423019 4.927756653992396 3.4372623574144487 1.7946768060836502
20200428020 6.67175572519084 4.67175572519084 2.4427480916030535
20200519013 5.538461538461538 3.8923076923076922 2.1846153846153844
20200528019 7.84251968503937 5.4015748031496065 2.456692913385827
20200622013 4.159362549800797 3.235059760956175 2.039840637450199
20200623013 3.049808429118774 2.2375478927203063 1.4252873563218391