0.88966189 1.08388968 1.00254707 20190316 019
0.95055161 0.99171040 0.99464574 20190407 021
0.91259461 1.05719940 1.00402315 20190414 009
0.78878202 1.40691264 0.81853633 20190429 024
0.94546583 0.92134891 0.99921551 20190504 023
0.94581913 1.01961563 1.01059559 20190527 016
0.86315716 0.94625636 0.96108010 20190624 017
0.96669264 0.92322141 1.03916822 20190731 015
1.14023866 1.20835398 0.61351554 20200101 026
1.01779426 1.03789688 0.79538763 20200124 030
0.88782483 1.00717628 1.03806840 20200131 018
1.07895305 1.02831352 0.86165657 20200227 031
1.05290825 0.93772929 0.95021204 20200325 033
0.85708192 0.96847846 1.16861190 20200415 017
1.04976926 0.97929727 0.96573756 20200423 019
1.09806889 0.96781038 0.87588208 20200428 020
1.10352743 0.99366154 0.86953190 20200519 013
1.05614645 1.02090078 0.85485645 20200528 019
0.89901476 1.01033553 1.08599915 20200622 013
0.72737605 1.08865763 1.13025111 20200623 013
