-23.5300007 0.00000000 0 0.003
-23.4828930 1.64938028E-05 0 0.003
-23.4357872 3.29869399E-05 0 0.003
-23.3886795 4.94807464E-05 0 0.003
-23.3415718 6.59745492E-05 0 0.003
-23.2944660 8.24676827E-05 0 0.003
-23.2473583 9.89614928E-05 0 0.003
-23.2002506 1.15455288E-04 0 0.003
-23.1531429 1.31949098E-04 0 0.003
-23.1060371 1.48442225E-04 0 0.003
-23.0589294 1.64936035E-04 0 0.003
-23.0118217 1.81429845E-04 0 0.003
-22.9647160 1.97922986E-04 0 0.003
-22.9176083 2.14416796E-04 0 0.003
-22.8705006 2.30910577E-04 0 0.003
-22.8233948 2.47403717E-04 0 0.003
-22.7762871 2.63897527E-04 0 0.003
-22.7291794 2.80391308E-04 0 0.003
-22.6820736 2.96884449E-04 0 0.003
-22.6349659 3.13378259E-04 0 0.003
-22.5878582 3.29872069E-04 0 0.003
-22.5407505 3.46365880E-04 0 0.003
-22.4936447 3.62859020E-04 0 0.003
-22.4465370 3.79352801E-04 0 0.003
-22.3994293 3.95846640E-04 0 0.003
-22.3523235 4.12339752E-04 0 0.003
-22.3052158 4.28833591E-04 0 0.003
-22.2581081 4.45327372E-04 0 0.003
-22.2110023 4.61820484E-04 0 0.003
-22.1638947 4.78314323E-04 0 0.003
-22.1167870 4.94808133E-04 0 0.003
-22.0696812 5.11301216E-04 0 0.003
-22.0225735 5.27795055E-04 0 0.003
-21.9754658 5.44288836E-04 0 0.003
-21.9283600 5.60782035E-04 0 0.003
-21.8812523 5.77275816E-04 0 0.003
-21.8341446 5.93769597E-04 0 0.003
-21.7870369 6.10263436E-04 0 0.003
-21.7399311 6.26756519E-04 0 0.003
-21.6928234 6.43250300E-04 0 0.003
-21.6457157 6.59744139E-04 0 0.003
-21.5986099 6.76237338E-04 0 0.003
-21.5515022 6.92731061E-04 0 0.003
-21.5043945 7.09224900E-04 0 0.003
  -21.4572887       7.25718040E-04   0.00000000       3.05036572E-03
  -21.4101810       7.42211821E-04   0.00000000       3.10833007E-03
  -21.3630733       7.58705602E-04   0.00000000       3.16629373E-03
  -21.3159676       7.75198801E-04   0.00000000       3.22425552E-03
  -21.2688599       7.91692524E-04   0.00000000       3.28221964E-03
  -21.2217522       8.08186363E-04   0.00000000       3.34018329E-03
  -21.1746445       8.24680203E-04   0.00000000       3.39814695E-03
  -21.1275387       8.41173343E-04   0.00000000       3.45610874E-03
  -21.0804310       8.57667183E-04   0.00000000       3.51407286E-03
  -21.0333233       8.74160905E-04   0.00000000       3.57203651E-03
  -20.9862175       8.90654046E-04   0.00000000       3.62999830E-03
  -20.9391098       9.07147885E-04   0.00000000       3.68796196E-03
  -20.8920021       9.23641666E-04   0.00000000       3.74592631E-03
  -20.8448963       9.40134807E-04   0.00000000       3.80388787E-03
  -20.7977886       9.56628646E-04   0.00000000       3.86185176E-03
  -20.7506809       9.73122369E-04   0.00000000       3.91981564E-03
  -20.7035751       9.89615568E-04   0.00000000       3.97777697E-03
  -20.6564674       1.00610929E-03   0.00000000       4.03574109E-03
  -20.6093597       1.02260313E-03   0.00000000       4.09370475E-03
  -20.5622520       1.09655689E-03   0.00000000       4.16721404E-03
  -20.5151463       1.21059513E-03   0.00000000       4.25156439E-03
  -20.4680386       1.32463803E-03   0.00000000       4.33591846E-03
  -20.4209309       1.43868080E-03   0.00000000       4.42027207E-03
  -20.3738251       1.55271916E-03   0.00000000       4.50462289E-03
  -20.3267174       1.66676193E-03   0.00000000       4.58897697E-03
  -20.2796097       1.78080483E-03   0.00000000       4.67333104E-03
  -20.2325039       1.89484307E-03   0.00000000       4.75768186E-03
  -20.1853962       2.00888608E-03   0.00000000       4.84203547E-03
  -20.1382885       2.12292885E-03   0.00000000       4.92639001E-03
  -20.0911827       2.23696698E-03   0.00000000       5.01073990E-03
  -20.0440750       2.35100999E-03   0.00000000       5.09509444E-03
  -19.9969673       2.46505300E-03   0.00000000       5.17944852E-03
  -19.9498596       2.57909577E-03   0.00000000       5.26380260E-03
  -19.9027538       2.69313389E-03   0.00000000       5.34815295E-03
  -19.8556461       2.80717690E-03   0.00000000       5.43250702E-03
  -19.8085384       2.92121992E-03   0.00000000       5.51686157E-03
  -19.7614326       3.03525804E-03   0.00000000       5.60121192E-03
  -19.7143250       3.14930081E-03   0.00000000       5.68556599E-03
  -19.6672173       3.26334382E-03   0.00000000       5.76991960E-03
  -19.6201115       3.37738195E-03   0.00000000       5.85427042E-03
  -19.5730038       3.49142496E-03   0.00000000       5.93862450E-03
  -19.5258961       3.60546773E-03   0.00000000       6.02297857E-03
  -19.4787903       3.71950609E-03   0.00000000       6.10732939E-03
  -19.4316826       3.83354886E-03   0.00000000       6.19168300E-03
  -19.3845749       3.94759187E-03   0.00000000       6.27603754E-03
  -19.3374672       4.06163465E-03   0.00000000       6.36039115E-03
  -19.2903614       4.17567324E-03   0.00000000       6.44474197E-03
  -19.2432537       4.28971555E-03   0.00000000       6.52909558E-03
  -19.1961479       4.40375414E-03   0.00000000       6.61344640E-03
  -19.1490402       4.51779692E-03   0.00000000       6.69780048E-03
  -19.1019325       4.63183969E-03   0.00000000       6.78215455E-03
  -19.0548248       4.74588294E-03   0.00000000       6.86650909E-03
  -19.0077171       4.85992525E-03   0.00000000       6.95086224E-03
  -18.9606113       4.97396383E-03   0.00000000       7.03521352E-03
  -18.9135036       5.08800661E-03   0.00000000       7.11956713E-03
  -18.8663979       5.20204473E-03   0.00000000       7.20391795E-03
  -18.8192902       5.31608798E-03   0.00000000       7.28827203E-03
  -18.7721825       5.43013075E-03   0.00000000       7.37262610E-03
  -18.7250748       5.54417353E-03   0.00000000       7.45697971E-03
  -18.6779690       5.65821212E-03   0.00000000       7.54133100E-03
  -18.6308613       5.77225443E-03   0.00000000       7.62568414E-03
  -18.5837555       5.88629302E-03   0.00000000       7.71003542E-03
  -18.5366478       6.00033579E-03   0.00000000       7.79438950E-03
  -18.4895401       6.11437857E-03   0.00000000       7.87874311E-03
  -18.4424324       6.22842181E-03   0.00000000       7.96309765E-03
  -18.3953266       6.34245994E-03   0.00000000       8.04744847E-03
  -18.3482189       6.45650271E-03   0.00000000       8.13180208E-03
  -18.3011112       6.57054596E-03   0.00000000       8.21615662E-03
  -18.2540054       6.68458408E-03   0.00000000       8.30050744E-03
  -18.2068977       6.79862686E-03   0.00000000       8.38486105E-03
  -18.1597900       6.91266917E-03   0.00000000       8.46921466E-03
  -18.1126823       7.02671241E-03   0.00000000       8.55356827E-03
  -18.0655766       7.14075100E-03   0.00000000       8.63792002E-03
  -18.0184689       7.25479331E-03   0.00000000       8.72227363E-03
  -17.9713631       7.36883190E-03   0.00000000       8.80662445E-03
  -17.9242554       7.48287514E-03   0.00000000       8.89097899E-03
  -17.8771477       7.59691745E-03   0.00000000       8.97533167E-03
  -17.8300400       7.71096023E-03   0.00000000       9.05968621E-03
  -17.7829342       7.82499835E-03   0.00000000       9.14403610E-03
  -17.7358265       7.93904159E-03   0.00000000       9.22839064E-03
  -17.6887188       8.05308484E-03   0.00000000       9.31274518E-03
  -17.6416130       8.19329917E-03   2.39945948E-05   9.42369178E-03
  -17.5945053       8.45437218E-03   1.58772804E-04   9.65743139E-03
  -17.5473976       8.71544518E-03   2.93550082E-04   9.89117194E-03
  -17.5002899       8.97651911E-03   4.28328291E-04   1.01249134E-02
  -17.4531841       9.23758186E-03   5.63100912E-04   1.03586446E-02
  -17.4060764       9.49865580E-03   6.97879121E-04   1.05923861E-02
  -17.3589706       9.75971855E-03   8.32651742E-04   1.08261174E-02
  -17.3118629       1.00207916E-02   9.67429020E-04   1.10598579E-02
  -17.2647552       1.02818655E-02   1.10220816E-03   1.12935994E-02
  -17.2176476       1.05429385E-02   1.23698544E-03   1.15273390E-02
  -17.1705418       1.08040012E-02   1.37175806E-03   1.17610702E-02
  -17.1234341       1.10650752E-02   1.50653627E-03   1.19948117E-02
  -17.0763264       1.13261491E-02   1.64131448E-03   1.22285532E-02
  -17.0292206       1.15872119E-02   1.77608710E-03   1.24622844E-02
  -16.9821129       1.18482849E-02   1.91086438E-03   1.26960250E-02
  -16.9350052       1.21093588E-02   2.04564258E-03   1.29297664E-02
  -16.8878975       1.23704318E-02   2.18042079E-03   1.31635070E-02
  -16.8407917       1.26314946E-02   2.31519341E-03   1.33972373E-02
  -16.7936840       1.28925685E-02   2.44997162E-03   1.36309788E-02
  -16.7465782       1.31536312E-02   2.58474424E-03   1.38647100E-02
  -16.6994705       1.34147052E-02   2.71952245E-03   1.40984515E-02
  -16.6523628       1.36757791E-02   2.85430066E-03   1.43321929E-02
  -16.6052551       1.39368512E-02   2.98907701E-03   1.45659326E-02
  -16.5581493       1.41979149E-02   3.12385056E-03   1.47996647E-02
  -16.5110416       1.44589879E-02   3.25862784E-03   1.50334053E-02
  -16.4639339       1.47200618E-02   3.39340605E-03   1.52671468E-02
  -16.4168282       1.49811246E-02   3.52817867E-03   1.55008780E-02
  -16.3697205       1.52421985E-02   3.66295688E-03   1.57346185E-02
  -16.3226128       1.55032706E-02   3.79773416E-03   1.59683581E-02
  -16.2755051       1.57643445E-02   3.93251237E-03   1.62020996E-02
  -16.2283993       1.60254091E-02   4.06728685E-03   1.64358318E-02
  -16.1812916       1.62864812E-02   4.20206320E-03   1.66695714E-02
  -16.1341858       1.65475439E-02   4.33683582E-03   1.69033036E-02
  -16.0870781       1.68086179E-02   4.47161403E-03   1.71370450E-02
  -16.0399704       1.70696918E-02   4.60639223E-03   1.73707865E-02
  -15.9928637       1.73307583E-02   4.74116579E-03   1.76045205E-02
  -15.9457569       1.75918266E-02   4.87594120E-03   1.78382564E-02
  -15.8986492       1.78529005E-02   5.01072034E-03   1.80719979E-02
  -15.8515415       1.81139745E-02   5.14549855E-03   1.83057394E-02
  -15.8044348       1.83750428E-02   5.28027397E-03   1.85394753E-02
  -15.7573280       1.86361112E-02   5.41504938E-03   1.87732112E-02
  -15.7102203       1.88971832E-02   5.54982573E-03   1.90069508E-02
  -15.6631136       1.91582516E-02   5.68460114E-03   1.92406885E-02
  -15.6160069       1.94193199E-02   5.81937656E-03   1.94744244E-02
  -15.5688992       1.96803939E-02   5.95415570E-03   1.97081659E-02
  -15.5217924       1.99414641E-02   6.08893298E-03   1.99419037E-02
  -15.4746857       2.02025324E-02   6.22370839E-03   2.02294253E-02
  -15.4275780       2.04636045E-02   6.35848381E-03   2.05178298E-02
  -15.3804712       2.07246728E-02   6.49325922E-03   2.08062306E-02
  -15.3333635       2.09857449E-02   6.62803650E-03   2.10946351E-02
  -15.2862568       2.12468132E-02   6.76281191E-03   2.13830359E-02
  -15.2391500       2.15078816E-02   6.89758733E-03   2.16714367E-02
  -15.1920424       2.17689555E-02   7.03236554E-03   2.19598431E-02
  -15.1449356       2.20300220E-02   7.16713909E-03   2.22482402E-02
  -15.0978279       2.22910978E-02   7.30192009E-03   2.25366484E-02
  -15.0507212       2.25521661E-02   7.43669458E-03   2.28250492E-02
  -15.0036144       2.28132345E-02   7.57146999E-03   2.31134500E-02
  -14.9565067       2.30743065E-02   7.70624727E-03   2.34018546E-02
  -14.9094000       2.33353749E-02   7.84102269E-03   2.36902554E-02
  -14.8622932       2.35964432E-02   7.97579810E-03   2.39786562E-02
  -14.8151855       2.38575153E-02   8.11057538E-03   2.42670607E-02
  -14.7680788       2.41185836E-02   8.24534893E-03   2.45554615E-02
  -14.7209711       2.43796594E-02   8.38012993E-03   2.48438697E-02
  -14.6738644       2.46749930E-02   8.43637623E-03   2.49719210E-02
  -14.6267576       2.49807313E-02   8.46878067E-03   2.50512902E-02
  -14.5796499       2.52864771E-02   8.50118883E-03   2.54422911E-02
  -14.5325432       2.55922154E-02   8.53359327E-03   2.59743985E-02
  -14.4854355       2.58979592E-02   8.56599770E-03   2.65065152E-02
  -14.4383287       2.62036975E-02   8.59840401E-03   2.70386226E-02
  -14.3912220       2.65094377E-02   8.63081031E-03   2.75707319E-02
  -14.3441143       2.68151816E-02   8.66321661E-03   2.81028487E-02
  -14.2970076       2.71209199E-02   8.69562104E-03   2.86349561E-02
  -14.2499008       2.74266601E-02   8.72802734E-03   2.91670654E-02
  -14.2027931       2.77324039E-02   8.76043364E-03   2.96991821E-02
  -14.1556864       2.80381422E-02   8.79283808E-03   3.02312896E-02
  -14.1085787       2.83438880E-02   8.82524624E-03   3.07634082E-02
  -14.0614719       2.86496263E-02   8.85765068E-03   3.12955156E-02
  -14.0143652       2.89553646E-02   8.89005698E-03   3.18276212E-02
  -13.9672575       2.92611085E-02   8.92246142E-03   3.23597379E-02
  -13.9201508       2.95668487E-02   8.95486772E-03   3.28918472E-02
  -13.8730440       2.98725870E-02   8.98727216E-03   3.34239565E-02
  -13.8259363       3.01783308E-02   9.01967846E-03   3.39560732E-02
  -13.7788296       3.04840710E-02   9.05208476E-03   3.44881825E-02
  -13.7317219       3.07898149E-02   9.08449106E-03   3.50202993E-02
  -13.6846151       3.10955532E-02   9.11689550E-03   3.55524048E-02
  -13.6375084       3.14012915E-02   9.14930180E-03   3.60845104E-02
  -13.5904007       3.17070372E-02   9.18170810E-03   3.66166309E-02
  -13.5432940       3.20127755E-02   9.21411254E-03   3.71487364E-02
  -13.4961863       3.23185213E-02   9.24652070E-03   3.76808569E-02
  -13.4490795       3.26242596E-02   9.27892514E-03   3.82129624E-02
  -13.4019728       3.29299979E-02   9.31132957E-03   3.87450717E-02
  -13.3548651       3.32357436E-02   9.34373774E-03   3.92771885E-02
  -13.3077583       3.35414819E-02   9.37614217E-03   3.98092978E-02
  -13.2606516       3.38472202E-02   9.40854847E-03   4.03414033E-02
  -13.2135439       3.41529660E-02   9.44095477E-03   4.08735238E-02
  -13.1664371       3.44587043E-02   9.47336107E-03   4.14056294E-02
  -13.1193295       3.47644500E-02   9.50576738E-03   4.19377498E-02
  -13.0722227       3.50701883E-02   9.53817368E-03   4.24698554E-02
  -13.0251160       3.53759266E-02   9.57057625E-03   4.30019647E-02
  -12.9780083       3.56816724E-02   9.60298441E-03   4.35340852E-02
  -12.9309015       3.59874107E-02   9.63538885E-03   4.40661907E-02
  -12.8837938       3.62931564E-02   9.66779701E-03   4.45983112E-02
  -12.8366871       3.65988910E-02   9.70019773E-03   4.51304130E-02
  -12.7895803       3.69046330E-02   9.73260775E-03   4.56625223E-02
  -12.7424726       3.72103751E-02   9.76501033E-03   4.61946391E-02
  -12.6953659       3.75161171E-02   9.79741849E-03   4.67267483E-02
  -12.6482592       3.78218517E-02   9.82981920E-03   4.72588539E-02
  -12.6011515       3.81276011E-02   9.86223109E-03   4.77909744E-02
  -12.5540447       3.84333394E-02   9.89463553E-03   4.83230799E-02
  -12.5069370       3.87390815E-02   9.92703810E-03   4.88551967E-02
  -12.4598303       3.90448198E-02   9.95944440E-03   4.93873060E-02
  -12.4127235       3.93505618E-02   9.99185443E-03   4.99194153E-02
  -12.3656158       3.96563038E-02   1.00242570E-02   5.04515320E-02
  -12.3185091       3.99620421E-02   1.00566633E-02   5.09836376E-02
  -12.2714024       4.02677804E-02   1.00890677E-02   5.15157431E-02
  -12.2242947       4.05735262E-02   1.01214759E-02   5.20478636E-02
  -12.1771879       4.08792645E-02   1.01538803E-02   5.25799692E-02
  -12.1300802       4.11850102E-02   1.01862866E-02   5.31120896E-02
  -12.0829735       4.14907485E-02   1.02186911E-02   5.36441952E-02
  -12.0358667       4.17964868E-02   1.02510974E-02   5.41763045E-02
  -11.9887590       4.21022326E-02   1.02835074E-02   5.47084212E-02
  -11.9416523       4.24079746E-02   1.03159100E-02   5.52405342E-02
  -11.8945446       4.27137166E-02   1.03483163E-02   5.57726473E-02
  -11.8474379       4.30194549E-02   1.03807189E-02   5.63047566E-02
  -11.8003311       4.33251932E-02   1.04131252E-02   5.68368621E-02
  -11.7532234       4.36106138E-02   1.04464963E-02   5.73437512E-02
  -11.7061167       4.37750779E-02   1.04856119E-02   5.77004813E-02
  -11.6590099       4.39395420E-02   1.05247237E-02   5.80572113E-02
  -11.6119022       4.41040099E-02   1.05638392E-02   5.84139526E-02
  -11.5647955       4.42684703E-02   1.06029510E-02   5.87706789E-02
  -11.5176878       4.44329381E-02   1.06420666E-02   5.91274165E-02
  -11.4705811       4.45974022E-02   1.06811784E-02   5.94841465E-02
  -11.4234743       4.47618663E-02   1.07202940E-02   5.98408803E-02
  -11.3763666       4.49263304E-02   1.07594021E-02   6.01976141E-02
  -11.3292599       4.50907946E-02   1.07985176E-02   6.05543442E-02
  -11.2821522       4.52552624E-02   1.08376332E-02   6.09110817E-02
  -11.2350454       4.54197265E-02   1.08767450E-02   6.12678155E-02
  -11.1879387       4.55841906E-02   1.09158605E-02   6.16245456E-02
  -11.1408310       4.57486548E-02   1.09549724E-02   6.19812794E-02
  -11.0937243       4.59131189E-02   1.09940842E-02   6.23380095E-02
  -11.0466175       4.60775830E-02   1.10331997E-02   6.26947433E-02
  -10.9995098       4.62420508E-02   1.10723153E-02   6.30514771E-02
  -10.9524031       4.64065149E-02   1.11114271E-02   6.34082109E-02
  -10.9052954       4.65709791E-02   1.11505389E-02   6.37649447E-02
  -10.8581886       4.67354432E-02   1.11896507E-02   6.41216785E-02
  -10.8110819       4.68999073E-02   1.12287663E-02   6.44784048E-02
  -10.7639742       4.70643751E-02   1.12678818E-02   6.48351461E-02
  -10.7168674       4.72288355E-02   1.13069899E-02   6.51918724E-02
  -10.6697598       4.73933034E-02   1.13461055E-02   6.55486137E-02
  -10.6226530       4.75577675E-02   1.13852210E-02   6.59053400E-02
  -10.5755463       4.77222316E-02   1.14243329E-02   6.62620738E-02
  -10.5284386       4.78866994E-02   1.14634484E-02   6.66188151E-02
  -10.4813318       4.80511598E-02   1.15025565E-02   6.69755414E-02
  -10.4342251       4.82156239E-02   1.15416721E-02   6.73322678E-02
  -10.3871174       4.83800918E-02   1.15807876E-02   6.76890090E-02
  -10.3400106       4.85445559E-02   1.16198994E-02   6.80457354E-02
  -10.2929029       4.87090200E-02   1.16590112E-02   6.84024766E-02
  -10.2457962       4.88734841E-02   1.16981268E-02   6.87592030E-02
  -10.1986895       4.90379483E-02   1.17372386E-02   6.91159368E-02
  -10.1515818       4.92024161E-02   1.17763542E-02   6.94726706E-02
  -10.1044750       4.93668802E-02   1.18154697E-02   6.98294044E-02
  -10.0573683       4.95313406E-02   1.18545778E-02   7.01861382E-02
  -10.0102606       4.96958084E-02   1.18936934E-02   7.05428720E-02
  -9.96315384       4.98602726E-02   1.19328052E-02   7.08996058E-02
  -9.91604614       5.00247404E-02   1.19719207E-02   7.12563396E-02
  -9.86893940       5.01892008E-02   1.20110326E-02   7.16130659E-02
  -9.82183266       5.03536649E-02   1.20501444E-02   7.19697997E-02
  -9.77472496       5.05181327E-02   1.20892599E-02   7.23265409E-02
  -9.72761822       5.06825969E-02   1.21283755E-02   7.26832673E-02
  -9.68051052       5.08470647E-02   1.21674873E-02   7.30400085E-02
  -9.63340378       5.10115251E-02   1.22065991E-02   7.33967349E-02
  -9.58629704       5.11759892E-02   1.22457147E-02   7.37534612E-02
  -9.53918934       5.13404571E-02   1.22848265E-02   7.41102025E-02
  -9.49208260       5.15049212E-02   1.23239420E-02   7.44669363E-02
  -9.44497585       5.16693816E-02   1.23630501E-02   7.48236626E-02
  -9.39786816       5.18338494E-02   1.24021657E-02   7.51803964E-02
  -9.35076141       5.19983135E-02   1.24412812E-02   7.55371302E-02
  -9.30365372       5.21627814E-02   1.24803931E-02   7.58938715E-02
  -9.25654697       5.23272455E-02   1.25195086E-02   7.62505978E-02
  -9.20944023       5.24917096E-02   1.25586241E-02   7.66073316E-02
  -9.16233253       5.26561737E-02   1.25977322E-02   7.69640654E-02
  -9.11522579       5.28206378E-02   1.26368478E-02   7.73207992E-02
  -9.06811810       5.29851057E-02   1.26759633E-02   7.76775330E-02
  -9.02101135       5.31495661E-02   1.27150714E-02   7.80342668E-02
  -8.97390461       5.33140302E-02   1.27541870E-02   7.83909932E-02
  -8.92679691       5.34784980E-02   1.27932988E-02   7.87477344E-02
  -8.87969017       5.36429621E-02   1.28324144E-02   7.91044682E-02
  -8.83258343       5.38074262E-02   1.28715299E-02   7.94611946E-02
  -8.78547573       5.39591126E-02   1.30304843E-02   7.97174275E-02
  -8.73836899       5.41061424E-02   1.32331178E-02   7.99370259E-02
  -8.69126129       5.42531721E-02   1.34357549E-02   8.01566318E-02
  -8.64415455       5.44001982E-02   1.36383884E-02   8.03762302E-02
  -8.59704781       5.45472279E-02   1.38410255E-02   8.05958286E-02
  -8.54994011       5.46942577E-02   1.40436627E-02   8.08154345E-02
  -8.50283337       5.48412837E-02   1.42462961E-02   8.10350329E-02
  -8.45572662       5.49883135E-02   1.44489333E-02   8.12546313E-02
  -8.40861893       5.51353432E-02   1.46515705E-02   8.14742297E-02
  -8.36151218       5.52823693E-02   1.48542002E-02   8.16938281E-02
  -8.31440449       5.54294027E-02   1.50568448E-02   8.19134340E-02
  -8.26729774       5.55764288E-02   1.52594745E-02   8.21330324E-02
  -8.22019100       5.57234548E-02   1.54621080E-02   8.23526308E-02
  -8.17308331       5.58704883E-02   1.56647488E-02   8.25722367E-02
  -8.12597656       5.60175143E-02   1.58673823E-02   8.27918351E-02
  -8.07886887       5.61645441E-02   1.60700195E-02   8.30114335E-02
  -8.03176212       5.63115738E-02   1.62726566E-02   8.32310393E-02
  -7.98465538       5.64585999E-02   1.64752901E-02   8.34506303E-02
  -7.93754768       5.66056296E-02   1.66779272E-02   8.36702362E-02
  -7.89044094       5.67526594E-02   1.68805607E-02   8.38898420E-02
  -7.84333420       5.68996854E-02   1.70831941E-02   8.41094330E-02
  -7.79622650       5.70467152E-02   1.72858313E-02   8.43290389E-02
  -7.74911976       5.71937449E-02   1.74884684E-02   8.45486373E-02
  -7.70201206       5.73407747E-02   1.76911056E-02   8.47682357E-02
  -7.65490532       5.74878007E-02   1.78937390E-02   8.49878341E-02
  -7.60779858       5.76348305E-02   1.80963762E-02   8.52074400E-02
  -7.56069088       5.77818602E-02   1.82990134E-02   8.54270384E-02
  -7.51358414       5.79288863E-02   1.85016431E-02   8.56466368E-02
  -7.46647644       5.80759197E-02   1.87042840E-02   8.58662426E-02
  -7.41937065       5.82229421E-02   1.89069137E-02   8.60858336E-02
  -7.37226295       5.83699718E-02   1.91095509E-02   8.63054395E-02
  -7.32515526       5.85170053E-02   1.93121918E-02   8.65250453E-02
  -7.27804756       5.86640351E-02   1.95148289E-02   8.67446512E-02
  -7.23094177       5.88110574E-02   1.97174586E-02   8.69642347E-02
  -7.18383408       5.89580908E-02   1.99200995E-02   8.71838480E-02
  -7.13672638       5.91051206E-02   2.01227367E-02   8.74034464E-02
  -7.08962059       5.92521429E-02   2.03253627E-02   8.76230374E-02
  -7.04251289       5.93991764E-02   2.05280036E-02   8.78426433E-02
  -6.99540520       5.95462061E-02   2.07306407E-02   8.80622491E-02
  -6.94829941       5.96932322E-02   2.09332742E-02   8.82818401E-02
  -6.90119171       5.98402619E-02   2.11359113E-02   8.85014459E-02
  -6.85408401       5.99872917E-02   2.13385485E-02   8.87210518E-02
  -6.80697823       6.01343140E-02   2.15411745E-02   8.89406428E-02
  -6.75987053       6.02813475E-02   2.17438154E-02   8.91602486E-02
  -6.71276283       6.04283772E-02   2.19464563E-02   8.93798470E-02
  -6.66565514       6.05754070E-02   2.21490934E-02   8.95994529E-02
  -6.61854935       6.07224330E-02   2.23517232E-02   8.98190439E-02
  -6.57144165       6.08694628E-02   2.25543603E-02   9.00386497E-02
  -6.52433395       6.10164925E-02   2.27569975E-02   9.02582556E-02
  -6.47722816       6.11635186E-02   2.29596309E-02   9.04778466E-02
  -6.43012047       6.13105483E-02   2.31622681E-02   9.06974524E-02
  -6.38301277       6.14575781E-02   2.33649053E-02   9.09170508E-02
  -6.33590698       6.16046041E-02   2.35675350E-02   9.11366493E-02
  -6.28879929       6.17516339E-02   2.37701721E-02   9.13562477E-02
  -6.24169159       6.18986636E-02   2.39728093E-02   9.15758535E-02
  -6.19458580       6.20456897E-02   2.41754428E-02   9.17954445E-02
  -6.14747810       6.21927194E-02   2.43780799E-02   9.20150504E-02
  -6.10037041       6.23397492E-02   2.45807171E-02   9.22346562E-02
  -6.05326271       6.24867827E-02   2.47833580E-02   9.24542621E-02
  -6.00615692       6.26338050E-02   2.49859877E-02   9.26738530E-02
  -5.95904922       6.27808347E-02   2.51886249E-02   9.28934515E-02
  -5.91194153       6.29278645E-02   2.53912620E-02   9.31130573E-02
  -5.86483574       6.30850568E-02   2.56202891E-02   9.33118761E-02
  -5.81772804       6.32636622E-02   2.59049274E-02   9.34669152E-02
  -5.77062035       6.34422600E-02   2.61895582E-02   9.36219543E-02
  -5.72351456       6.36208579E-02   2.64741816E-02   9.37769860E-02
  -5.67640686       6.37994632E-02   2.67588198E-02   9.39320326E-02
  -5.62929916       6.39780685E-02   2.70434581E-02   9.40870717E-02
  -5.58219337       6.41566664E-02   2.73280814E-02   9.42421108E-02
  -5.53508568       6.43352717E-02   2.76127197E-02   9.43971500E-02
  -5.48797798       6.45138770E-02   2.78973542E-02   9.45521966E-02
  -5.44087029       6.46924824E-02   2.81819925E-02   9.47072357E-02
  -5.39376450       6.48710802E-02   2.84666196E-02   9.48622748E-02
  -5.34665680       6.50496781E-02   2.87512466E-02   9.50173140E-02
  -5.29954910       6.52282834E-02   2.90358849E-02   9.51723531E-02
  -5.25244331       6.54068813E-02   2.93205082E-02   9.53273922E-02
  -5.20533562       6.55854866E-02   2.96051465E-02   9.54824314E-02
  -5.15822792       6.57640919E-02   2.98897848E-02   9.56374705E-02
  -5.11112213       6.59426898E-02   3.01744081E-02   9.57925096E-02
  -5.06401443       6.61212951E-02   3.04590464E-02   9.59475562E-02
  -5.01690674       6.62999004E-02   3.07436809E-02   9.61025953E-02
  -4.96980095       6.64784983E-02   3.10283080E-02   9.62576345E-02
  -4.92269325       6.66570961E-02   3.13129388E-02   9.64126661E-02
  -4.87558556       6.68357015E-02   3.15975733E-02   9.65677127E-02
  -4.82847977       6.70142993E-02   3.18822004E-02   9.67227519E-02
  -4.78137207       6.71929047E-02   3.21668386E-02   9.68777910E-02
  -4.73426437       6.73715100E-02   3.24514732E-02   9.70328301E-02
  -4.68715668       6.75501153E-02   3.27361114E-02   9.71878767E-02
  -4.64005089       6.77287132E-02   3.30207348E-02   9.73429084E-02
  -4.59294319       6.79073185E-02   3.33053730E-02   9.74979550E-02
  -4.54583549       6.80859163E-02   3.35900038E-02   9.76529866E-02
  -4.49872971       6.82645142E-02   3.38746272E-02   9.78080258E-02
  -4.45162201       6.84431195E-02   3.41592655E-02   9.79630724E-02
  -4.40451431       6.86217248E-02   3.44439037E-02   9.81181115E-02
  -4.35740852       6.88003227E-02   3.47285271E-02   9.82731506E-02
  -4.31030083       6.89789280E-02   3.50131653E-02   9.84281898E-02
  -4.26319313       6.91575333E-02   3.52977999E-02   9.85832363E-02
  -4.21608734       6.93361312E-02   3.55824269E-02   9.87382680E-02
  -4.16897964       6.95147365E-02   3.58670652E-02   9.88933146E-02
  -4.12187195       6.96933344E-02   3.61516923E-02   9.90483463E-02
  -4.07476425       6.98719397E-02   3.64363305E-02   9.92033929E-02
  -4.02765846       7.00505376E-02   3.67209539E-02   9.93584320E-02
  -3.98055077       7.02291429E-02   3.70055921E-02   9.95134711E-02
  -3.93344307       7.04077482E-02   3.72902304E-02   9.96685177E-02
  -3.88633728       7.05863461E-02   3.75748537E-02   9.98235494E-02
  -3.83922958       7.07649514E-02   3.78594920E-02   9.99785960E-02
  -3.79212189       7.09435493E-02   3.81441191E-02  0.100133628
  -3.74501610       7.11221471E-02   3.84287462E-02  0.100288667
  -3.69790840       7.13007525E-02   3.87133844E-02  0.100443706
  -3.65080070       7.14793578E-02   3.89980190E-02  0.100598752
  -3.60369492       7.16579556E-02   3.92826460E-02  0.100753784
  -3.55658722       7.18365610E-02   3.95672843E-02  0.100908831
  -3.50947952       7.20151663E-02   3.98519188E-02  0.101063877
  -3.46237183       7.21937716E-02   4.01365571E-02  0.101218916
  -3.41526604       7.23723695E-02   4.04211804E-02  0.101373956
  -3.36815834       7.25509673E-02   4.07058112E-02  0.101528987
  -3.32105064       7.27295727E-02   4.09904495E-02  0.101684034
  -3.27394485       7.29081705E-02   4.12750728E-02  0.101839066
  -3.22683716       7.30867758E-02   4.15597111E-02  0.101994112
  -3.17972946       7.32653812E-02   4.18443494E-02  0.102149151
  -3.13262367       7.34439790E-02   4.21289727E-02  0.102304190
  -3.08551598       7.36225843E-02   4.24136110E-02  0.102459237
  -3.03840828       7.38011897E-02   4.26982492E-02  0.102614276
  -2.99130249       7.39797801E-02   4.29828651E-02  0.102769300
  -2.94419479       7.41583854E-02   4.32675034E-02  0.102924347
  -2.89708710       7.44164139E-02   4.35431302E-02  0.103118889
  -2.84997940       7.46821985E-02   4.38178666E-02  0.103317283
  -2.80287361       7.49479756E-02   4.40925956E-02  0.103515677
  -2.75576591       7.52137601E-02   4.43673357E-02  0.103714071
  -2.70865822       7.54795447E-02   4.46420759E-02  0.103912465
  -2.66155243       7.57453218E-02   4.49168049E-02  0.104110859
  -2.61444473       7.60111064E-02   4.51915413E-02  0.104309253
  -2.56733704       7.62768909E-02   4.54662815E-02  0.104507647
  -2.52023125       7.65426680E-02   4.57410105E-02  0.104706042
  -2.47312355       7.68084526E-02   4.60157469E-02  0.104904436
  -2.42601585       7.70742372E-02   4.62904871E-02  0.105102830
  -2.37891006       7.73400143E-02   4.65652198E-02  0.105301224
  -2.33180237       7.76057988E-02   4.68399562E-02  0.105499618
  -2.28469467       7.78715834E-02   4.71146926E-02  0.105698012
  -2.23758698       7.81373680E-02   4.73894328E-02  0.105896406
  -2.19048119       7.84031451E-02   4.76641655E-02  0.106094800
  -2.14337349       7.86689296E-02   4.79389019E-02  0.106293194
  -2.09626579       7.89347216E-02   4.82136458E-02  0.106491596
  -2.04916000       7.92004913E-02   4.84883711E-02  0.106689982
  -2.00205231       7.94662833E-02   4.87631187E-02  0.106888384
  -1.95494461       7.97320679E-02   4.90378551E-02  0.107086778
  -1.90783882       7.99978375E-02   4.93125767E-02  0.107285164
  -1.86073112       8.02636296E-02   4.95873243E-02  0.107483566
  -1.81362343       8.05294141E-02   4.98620644E-02  0.107681960
  -1.76651764       8.07951838E-02   5.01367860E-02  0.107880346
  -1.71940994       8.10609758E-02   5.04115298E-02  0.108078748
  -1.67230225       8.13267604E-02   5.06862700E-02  0.108277142
  -1.62519455       8.15925449E-02   5.09610064E-02  0.108475536
  -1.57808876       8.18583220E-02   5.12357354E-02  0.108673930
  -1.53098106       8.21241066E-02   5.15104756E-02  0.108872324
  -1.48387337       8.23898911E-02   5.17852157E-02  0.109070718
  -1.43676758       8.26556683E-02   5.20599447E-02  0.109269112
  -1.38965988       8.29214528E-02   5.23346812E-02  0.109467506
  -1.34255219       8.31872374E-02   5.26094213E-02  0.109665900
  -1.29544640       8.34530145E-02   5.28841540E-02  0.109864295
  -1.24833870       8.37187991E-02   5.31588905E-02  0.110062689
  -1.20123100       8.39845836E-02   5.34336269E-02  0.110261083
  -1.15412521       8.42503607E-02   5.37083596E-02  0.110459477
  -1.10701752       8.45161453E-02   5.39830998E-02  0.110657871
  -1.05990982       8.47819299E-02   5.42578362E-02  0.110856265
  -1.01280403       8.50477070E-02   5.45325652E-02  0.111054659
 -0.965696335       8.53134915E-02   5.48073053E-02  0.111253053
 -0.918588638       8.55792761E-02   5.50820455E-02  0.111451447
 -0.871480942       8.58450681E-02   5.53567894E-02  0.111649849
 -0.824375153       8.61108452E-02   5.56315184E-02  0.111848243
 -0.777267456       8.63766298E-02   5.59062585E-02  0.112046637
 -0.730159760       8.66424143E-02   5.61809950E-02  0.112245031
 -0.683053970       8.69081914E-02   5.64557239E-02  0.112443425
 -0.635946274       8.71739760E-02   5.67304641E-02  0.112641819
 -0.588838577       8.74397606E-02   5.70052043E-02  0.112840213
 -0.541732788       8.77055377E-02   5.72799332E-02  0.113038607
 -0.494625092       8.79713222E-02   5.75546697E-02  0.113237001
 -0.447517395       8.82371068E-02   5.78294098E-02  0.113435395
 -0.400411606       8.85028839E-02   5.81041425E-02  0.113633782
 -0.353303909       8.87686685E-02   5.83788790E-02  0.113832183
 -0.306196213       8.90344530E-02   5.86536154E-02  0.114030577
 -0.259088516       8.93002376E-02   5.89283556E-02  0.114228971
 -0.211982727       8.95660147E-02   5.92030883E-02  0.114427365
 -0.164875031       8.98317993E-02   5.94778247E-02  0.114625759
 -0.117767334       9.00975913E-02   5.97525686E-02  0.114824161
  -7.06615448E-02   9.03633609E-02   6.00272939E-02  0.115022548
  -2.35538483E-02   9.06291455E-02   6.03020303E-02  0.115220942
   2.35538483E-02   9.09536034E-02   6.04964234E-02  0.115618445
   7.06596375E-02   9.13367197E-02   6.06104657E-02  0.116215028
  0.117767334       9.17198434E-02   6.07245043E-02  0.116811626
  0.164875031       9.21029747E-02   6.08385503E-02  0.117408238
  0.211980820       9.24860835E-02   6.09525889E-02  0.118004814
  0.259088516       9.28692147E-02   6.10666350E-02  0.118601426
  0.306196213       9.32523385E-02   6.11806735E-02  0.119198024
  0.353303909       9.36354697E-02   6.12947196E-02  0.119794630
  0.400409698       9.40185785E-02   6.14087544E-02  0.120391205
  0.447517395       9.44017097E-02   6.15228005E-02  0.120987818
  0.494625092       9.47848335E-02   6.16368391E-02  0.121584415
  0.541730881       9.51679423E-02   6.17508739E-02  0.122180998
  0.588838577       9.55510736E-02   6.18649237E-02  0.122777604
  0.635946274       9.59341973E-02   6.19789623E-02  0.123374201
  0.683052063       9.63173136E-02   6.20930046E-02  0.123970792
  0.730159760       9.67004374E-02   6.22070432E-02  0.124567389
  0.777267456       9.70835686E-02   6.23210892E-02  0.125164002
  0.824373245       9.74666774E-02   6.24351241E-02  0.125760570
  0.871480942       9.78498086E-02   6.25491738E-02  0.126357183
  0.918588638       9.82329324E-02   6.26632124E-02  0.126953781
  0.965696335       9.86160636E-02   6.27772585E-02  0.127550393
   1.01280212       9.89991724E-02   6.28912896E-02  0.128146976
   1.05990982       9.93823037E-02   6.30053431E-02  0.128743574
   1.10701752       9.97654274E-02   6.31193817E-02  0.129340172
   1.15412331      0.100148544       6.32334203E-02  0.129936770
   1.20123100      0.100531667       6.33474588E-02  0.130533367
   1.24833870      0.100914799       6.34615049E-02  0.131129980
   1.29544449      0.101297908       6.35755435E-02  0.131726548
   1.34255219      0.101681039       6.36895895E-02  0.132323161
   1.38965988      0.102064162       6.38036281E-02  0.132919759
   1.43676567      0.102447279       6.39176667E-02  0.133516341
   1.48387337      0.102830403       6.40317053E-02  0.134112939
   1.53098106      0.103213534       6.41457587E-02  0.134709552
   1.57808876      0.103596658       6.42597973E-02  0.135306150
   1.62519455      0.103979766       6.43738285E-02  0.135902733
   1.67230225      0.104362898       6.44878745E-02  0.136499345
   1.71940994      0.104746021       6.46019131E-02  0.137095943
   1.76651573      0.105129138       6.47159591E-02  0.137692526
   1.81362343      0.105512261       6.48299977E-02  0.138289124
   1.86073112      0.105895393       6.49440438E-02  0.138885736
   1.90783691      0.106278501       6.50580823E-02  0.139482319
   1.95494461      0.106661633       6.51721284E-02  0.140078917
   2.00205231      0.107044756       6.52861670E-02  0.140675515
   2.04915810      0.107427873       6.54002056E-02  0.141272098
   2.09626579      0.107810996       6.55142516E-02  0.141868711
   2.14337349      0.108194128       6.56282902E-02  0.142465323
   2.19048119      0.108577251       6.57423288E-02  0.143061906
   2.23758698      0.108960368       6.58563748E-02  0.143658504
   2.28469467      0.109343491       6.59704134E-02  0.144255102
   2.33180237      0.109726623       6.60844594E-02  0.144851714
   2.37890816      0.110109732       6.61984980E-02  0.145448282
   2.42601585      0.110492863       6.63125440E-02  0.146044895
   2.47312355      0.110875987       6.64265826E-02  0.146641493
   2.52022934      0.111259103       6.65406287E-02  0.147238076
   2.56733704      0.111642227       6.66546673E-02  0.147834688
   2.61444473      0.112025350       6.67687058E-02  0.148431286
   2.66155052      0.112408467       6.68827444E-02  0.149027869
   2.70865822      0.112791598       6.69967905E-02  0.149624467
   2.75576591      0.113174722       6.71108291E-02  0.150221080
   2.80287170      0.113557830       6.72248676E-02  0.150817662
   2.84997940      0.113940962       6.73389137E-02  0.151414260
   2.89708710      0.114324093       6.74529597E-02  0.152010873
   2.94419479      0.114716113       6.76051006E-02  0.152594090
   2.99130058      0.115199126       6.81470186E-02  0.153040349
   3.03840828      0.115682162       6.86889589E-02  0.153486624
   3.08551598      0.116165191       6.92308992E-02  0.153932899
   3.13262177      0.116648205       6.97728097E-02  0.154379144
   3.17972946      0.117131241       7.03147501E-02  0.154825419
   3.22683716      0.117614269       7.08566904E-02  0.155271694
   3.27394295      0.118097283       7.13986084E-02  0.155717954
   3.32105064      0.118580319       7.19405487E-02  0.156164229
   3.36815834      0.119063348       7.24824816E-02  0.156610504
   3.41526413      0.119546361       7.30244070E-02  0.157056764
   3.46237183      0.120029397       7.35663474E-02  0.157503039
   3.50947952      0.120512426       7.41082802E-02  0.157949314
   3.55658722      0.120995462       7.46502280E-02  0.158395588
   3.60369301      0.121478476       7.51921386E-02  0.158841848
   3.65080070      0.121961512       7.57340789E-02  0.159288123
   3.69790840      0.122444540       7.62760192E-02  0.159734398
   3.74501419      0.122927554       7.68179372E-02  0.160180658
   3.79212189      0.123410590       7.73598775E-02  0.160626933
   3.83922958      0.123893619       7.79018104E-02  0.161073208
   3.88633537      0.124376632       7.84437284E-02  0.161519468
   3.93344307      0.124859668       7.89856762E-02  0.161965743
   3.98055077      0.125342697       7.95276091E-02  0.162412018
   4.02765656      0.125825718       8.00695345E-02  0.162858278
   4.07476425      0.126308739       8.06114599E-02  0.163304538
   4.12187195      0.126791775       8.11534077E-02  0.163750812
   4.16897964      0.127274811       8.16953480E-02  0.164197087
   4.21608543      0.127757818       8.22372586E-02  0.164643347
   4.26319313      0.128240854       8.27791989E-02  0.165089622
   4.31030083      0.128723890       8.33211392E-02  0.165535897
   4.35740662      0.129206911       8.38630646E-02  0.165982172
   4.40451431      0.129689932       8.44049901E-02  0.166428432
   4.45162201      0.130172968       8.49469304E-02  0.166874707
   4.49872780      0.130655989       8.54888558E-02  0.167320967
   4.54583549      0.131139010       8.60307887E-02  0.167767242
   4.59294319      0.131622046       8.65727291E-02  0.168213516
   4.64004898      0.132105067       8.71146545E-02  0.168659776
   4.68715668      0.132588089       8.76565874E-02  0.169106036
   4.73426437      0.133071125       8.81985277E-02  0.169552326
   4.78137207      0.133554161       8.87404680E-02  0.169998601
   4.82847786      0.134037182       8.92823935E-02  0.170444861
   4.87558556      0.134520203       8.98243189E-02  0.170891136
   4.92269325      0.135003239       9.03662592E-02  0.171337411
   4.96979904      0.135486260       9.09081846E-02  0.171783671
   5.01690674      0.135969281       9.14501101E-02  0.172229931
   5.06401443      0.136452317       9.19920579E-02  0.172676206
   5.11112022      0.136935338       9.25339833E-02  0.173122481
   5.15822792      0.137418360       9.30759087E-02  0.173568740
   5.20533562      0.137901396       9.36178565E-02  0.174015015
   5.25244141      0.138384417       9.41597819E-02  0.174461290
   5.29954910      0.138867453       9.47017223E-02  0.174907565
   5.34665680      0.139350474       9.52436477E-02  0.175353825
   5.39376450      0.139833510       9.57855880E-02  0.175800115
   5.44087029      0.140316531       9.63275135E-02  0.176246375
   5.48797798      0.140799552       9.68694389E-02  0.176692635
   5.53508568      0.141282588       9.74113792E-02  0.177138910
   5.58219147      0.141765609       9.79533046E-02  0.177585185
   5.62929916      0.142248631       9.84952375E-02  0.178031445
   5.67640686      0.142731667       9.90371779E-02  0.178477719
   5.72351265      0.143214688       9.95791033E-02  0.178923979
   5.77062035      0.143697709      0.100121036      0.179370254
   5.81772804      0.144180745      0.100662977      0.179816529
   5.86483383      0.144663766      0.101204902      0.180262789
   5.91194153      0.144857615      0.101542011      0.180498168
   5.95904922      0.144914165      0.101781875      0.180633426
   6.00615692      0.144970715      0.102021746      0.180768669
   6.05326271      0.145027265      0.102261603      0.180903912
   6.10037041      0.145083815      0.102501467      0.181039155
   6.14747810      0.145140365      0.102741338      0.181174412
   6.19458389      0.145196915      0.102981195      0.181309655
   6.24169159      0.145253465      0.103221066      0.181444913
   6.28879929      0.145310014      0.103460930      0.181580156
   6.33590508      0.145366564      0.103700787      0.181715399
   6.38301277      0.145423114      0.103940658      0.181850642
   6.43012047      0.145479664      0.104180530      0.181985900
   6.47722626      0.145536214      0.104420386      0.182121143
   6.52433395      0.145592764      0.104660258      0.182256401
   6.57144165      0.145649314      0.104900122      0.182391644
   6.61854744      0.145705864      0.105139978      0.182526886
   6.66565514      0.145762414      0.105379850      0.182662129
   6.71276283      0.145818964      0.105619714      0.182797387
   6.75987053      0.145875514      0.105859578      0.182932630
   6.80697632      0.145932063      0.106099442      0.183067873
   6.85408401      0.145988613      0.106339306      0.183203131
   6.90119171      0.146045163      0.106579170      0.183338374
   6.94829750      0.146101713      0.106819034      0.183473617
   6.99540520      0.146158263      0.107058898      0.183608875
   7.04251289      0.146214813      0.107298762      0.183744118
   7.08961868      0.146271363      0.107538626      0.183879361
   7.13672638      0.146327913      0.107778490      0.184014618
   7.18383408      0.146384463      0.108018361      0.184149861
   7.23093987      0.146440998      0.108258203      0.184285089
   7.27804756      0.146497548      0.108498074      0.184420347
   7.32515526      0.146554112      0.108737953      0.184555605
   7.37226295      0.146610662      0.108977824      0.184690863
   7.41936874      0.146667197      0.109217666      0.184826091
   7.46647644      0.146723747      0.109457538      0.184961334
   7.51358414      0.146780297      0.109697402      0.185096592
   7.56068993      0.146836847      0.109937258      0.185231835
   7.60779762      0.146893397      0.110177130      0.185367078
   7.65490532      0.146949947      0.110416993      0.185502321
   7.70201111      0.147006497      0.110656857      0.185637563
   7.74911880      0.147063047      0.110896721      0.185772821
   7.79622650      0.147119597      0.111136585      0.185908079
   7.84333229      0.147176147      0.111376449      0.186043322
   7.89043999      0.147232696      0.111616313      0.186178565
   7.93754768      0.147289246      0.111856177      0.186313808
   7.98465538      0.147345796      0.112096049      0.186449066
   8.03176117      0.147402346      0.112335905      0.186584309
   8.07886887      0.147458896      0.112575769      0.186719567
   8.12597656      0.147515446      0.112815641      0.186854810
   8.17308235      0.147571996      0.113055497      0.186990052
   8.22019005      0.147628546      0.113295369      0.187125295
   8.26729774      0.147685096      0.113535233      0.187260553
   8.31440353      0.147741646      0.113775089      0.187395796
   8.36151123      0.147798195      0.114014961      0.187531039
   8.40861893      0.147854745      0.114254832      0.187666297
   8.45572472      0.147911295      0.114494689      0.187801540
   8.50283241      0.147967845      0.114734553      0.187936783
   8.54994011      0.148024395      0.114974424      0.188072041
   8.59704781      0.148080945      0.115214288      0.188207284
   8.64415550      0.148137495      0.115454152      0.188342541
   8.69125938      0.148194045      0.115694009      0.188477784
   8.73836708      0.148250595      0.115933873      0.188613027
   8.78547478      0.148307145      0.116173744      0.188748270
   8.83258247      0.148187459      0.116208799      0.188742906
   8.87969017      0.147584260      0.115681946      0.188351780
   8.92679787      0.146981061      0.115155086      0.187960640
   8.97390556      0.146377861      0.114628226      0.187569499
   9.02100945      0.145774707      0.114101410      0.187178403
   9.06811714      0.145171508      0.113574550      0.186787263
   9.11522484      0.144568309      0.113047697      0.186396122
   9.16233253      0.143965095      0.112520829      0.186004966
   9.20944023      0.143361896      0.111993968      0.185613841
   9.25654793      0.142758697      0.111467108      0.185222700
   9.30365181      0.142155543      0.110940292      0.184831589
   9.35075951      0.141552344      0.110413440      0.184440464
   9.39786720      0.140949145      0.109886587      0.184049323
   9.44497490      0.140345931      0.109359711      0.183658168
   9.49208260      0.139742732      0.108832851      0.183267027
   9.53919029      0.139139533      0.108305998      0.182875901
   9.58629799      0.138536334      0.107779145      0.182484761
   9.63340187      0.137933180      0.107252322      0.182093650
   9.68050957      0.137329981      0.106725469      0.181702524
   9.72761726      0.136726767      0.106198594      0.181311369
   9.77472496      0.136123568      0.105671741      0.180920228
   9.82183266      0.135520369      0.105144881      0.180529088
   9.86894035      0.134917170      0.104618028      0.180137962
   9.91604424      0.134314016      0.104091212      0.179746851
   9.96315193      0.133710817      0.103564352      0.179355711
   10.0102596      0.133107617      0.103037491      0.178964585
   10.0573673      0.132504404      0.102510624      0.178573430
   10.1044750      0.131901205      0.101983771      0.178182289
   10.1515827      0.131298006      0.101456910      0.177791148
   10.1986904      0.130694807      0.100930050      0.177400023
   10.2457943      0.130091652      0.100403234      0.177008912
   10.2929020      0.129488453       9.98763815E-02  0.176617771
   10.3400097      0.128885254       9.93495211E-02  0.176226646
   10.3871174      0.128282040       9.88226533E-02  0.175835490
   10.4342251      0.127678841       9.82957929E-02  0.175444350
   10.4813328      0.127075642       9.77689400E-02  0.175053209
   10.5284367      0.126472488       9.72421169E-02  0.174662113
   10.5755444      0.125869289       9.67152640E-02  0.174270973
   10.6226521      0.125266090       9.61884111E-02  0.173879832
   10.6697598      0.124662884       9.56615433E-02  0.173488691
   10.7168674      0.124059677       9.51346755E-02  0.173097551
   10.7639751      0.123456478       9.46078226E-02  0.172706410
   10.8110828      0.122853279       9.40809697E-02  0.172315270
   10.8581867      0.122250125       9.35541466E-02  0.171924174
   10.9052944      0.121646926       9.30272937E-02  0.171533033
   10.9524021      0.121043719       9.25004259E-02  0.171141893
   10.9995098      0.120440520       9.19735730E-02  0.170750752
   11.0466175      0.119837314       9.14467052E-02  0.170359612
   11.0937252      0.119234115       9.09198523E-02  0.169968471
   11.1408291      0.118630961       9.03930366E-02  0.169577360
   11.1879368      0.118027762       8.98661762E-02  0.169186234
   11.2350445      0.117424555       8.93393159E-02  0.168795079
   11.2821522      0.116821356       8.88124555E-02  0.168403953
   11.3292599      0.116218150       8.82855952E-02  0.168012798
   11.3763676      0.115614951       8.77587348E-02  0.167621672
   11.4234753      0.115011752       8.72318745E-02  0.167230532
   11.4705791      0.114408597       8.67050588E-02  0.166839421
   11.5176868      0.113805398       8.61782059E-02  0.166448295
   11.5647945      0.113202192       8.56513381E-02  0.166057140
   11.6119022      0.112598985       8.51244777E-02  0.165666014
   11.6590099      0.111995786       8.45976174E-02  0.165274873
   11.7061176      0.111392587       8.40707645E-02  0.164883733
   11.7532215      0.110789433       8.35439414E-02  0.164492622
   11.8003292      0.110101134       8.29301625E-02  0.163786590
   11.8474369      0.109398529       8.23017582E-02  0.163027629
   11.8945446      0.108695932       8.16733688E-02  0.162268668
   11.9416523      0.107993327       8.10449719E-02  0.161509708
   11.9887600      0.107290722       8.04165676E-02  0.160750747
   12.0358677      0.106588118       7.97881708E-02  0.159991786
   12.0829716      0.105885573       7.91598260E-02  0.159232885
   12.1300793      0.105182976       7.85314292E-02  0.158473924
   12.1771870      0.104480371       7.79030323E-02  0.157714963
   12.2242947      0.103777766       7.72746354E-02  0.156956002
   12.2714024      0.103075162       7.66462386E-02  0.156197041
   12.3185101      0.102372564       7.60178417E-02  0.155438080
   12.3656139      0.101670012       7.53894895E-02  0.154679179
   12.4127216      0.100967415       7.47611001E-02  0.153920218
   12.4598293      0.100264810       7.41326958E-02  0.153161258
   12.5069370       9.95622054E-02   7.35042989E-02  0.152402297
   12.5540447       9.88596082E-02   7.28759095E-02  0.151643336
   12.6011524       9.81570035E-02   7.22475126E-02  0.150884375
   12.6482601       9.74543989E-02   7.16191083E-02  0.150125414
   12.6953640       9.67518538E-02   7.09907636E-02  0.149366513
   12.7424717       9.60492492E-02   7.03623667E-02  0.148607552
   12.7895794       9.53466445E-02   6.97339699E-02  0.147848591
   12.8366871       9.46440473E-02   6.91055730E-02  0.147089630
   12.8837948       9.39414427E-02   6.84771761E-02  0.146330670
   12.9309025       9.32388380E-02   6.78487793E-02  0.145571709
   12.9780064       9.25362930E-02   6.72204345E-02  0.144812807
   13.0251141       9.18336958E-02   6.65920377E-02  0.144053847
   13.0722218       9.11310911E-02   6.59636408E-02  0.143294886
   13.1193295       9.04284865E-02   6.53352439E-02  0.142535925
   13.1664371       8.97258818E-02   6.47068471E-02  0.141776964
   13.2135448       8.90232772E-02   6.40784428E-02  0.141018003
   13.2606487       8.83207321E-02   6.34500980E-02  0.140259102
   13.3077564       8.76181349E-02   6.28217086E-02  0.139500141
   13.3548641       8.69155303E-02   6.21933080E-02  0.138741180
   13.4019718       8.62129256E-02   6.15649074E-02  0.137982219
   13.4490795       8.55103210E-02   6.09365106E-02  0.137223259
   13.4961872       8.48077238E-02   6.03081174E-02  0.136464298
   13.5432949       8.41051191E-02   5.96797168E-02  0.135705337
   13.5903988       8.34025741E-02   5.90513721E-02  0.134946436
   13.6375065       8.26999694E-02   5.84229752E-02  0.134187475
   13.6846142       8.19973648E-02   5.77945746E-02  0.133428514
   13.7317219       8.12947601E-02   5.71661741E-02  0.132669553
   13.7788296       8.05921629E-02   5.65377846E-02  0.131910592
   13.8259373       7.98895583E-02   5.59093840E-02  0.131151631
   13.8730412       7.91870132E-02   5.52810393E-02  0.130392730
   13.9201488       7.84844086E-02   5.46526387E-02  0.129633769
   13.9672565       7.77818114E-02   5.40242493E-02  0.128874809
   14.0143642       7.70792067E-02   5.33958487E-02  0.128115848
   14.0614719       7.63766021E-02   5.27674481E-02  0.127356887
   14.1085796       7.56739974E-02   5.21390513E-02  0.126597926
   14.1556873       7.49713928E-02   5.15106507E-02  0.125838965
   14.2027912       7.42688477E-02   5.08823059E-02  0.125080064
   14.2498989       7.35662431E-02   5.02539054E-02  0.124321103
   14.2970066       7.28636459E-02   4.96255159E-02  0.123562142
   14.3441143       7.21610487E-02   4.89971228E-02  0.122803189
   14.3912220       7.14584440E-02   4.83687222E-02  0.122044221
   14.4383297       7.07558393E-02   4.77403253E-02  0.121285260
   14.4854336       7.00532943E-02   4.71119806E-02  0.120526358
   14.5325413       6.93506896E-02   4.64835800E-02  0.119767398
   14.5796490       6.86480850E-02   4.58551794E-02  0.119008437
   14.6267567       6.79454803E-02   4.52267826E-02  0.118249476
   14.6738644       6.72428757E-02   4.45983820E-02  0.117490515
   14.7209721       6.66022822E-02   4.40506041E-02  0.116711631
   14.7680798       6.61659017E-02   4.37683240E-02  0.115867153
   14.8151836       6.57295585E-02   4.34860662E-02  0.115022734
   14.8622913       6.52931854E-02   4.32037935E-02  0.114178255
   14.9093990       6.48568049E-02   4.29215096E-02  0.113333777
   14.9565067       6.44204244E-02   4.26392294E-02  0.112489291
   15.0036144       6.39840439E-02   4.23569456E-02  0.111644804
   15.0507221       6.35476634E-02   4.20746654E-02  0.110800318
   15.0978260       6.31113201E-02   4.17924076E-02  0.109955907
   15.1449337       6.26749396E-02   4.15101275E-02  0.109111421
   15.1920414       6.22385629E-02   4.12278511E-02  0.108266935
   15.2391491       6.18021861E-02   4.09455746E-02  0.107422456
   15.2862568       6.13658056E-02   4.06632945E-02  0.106577978
   15.3333645       6.09294251E-02   4.03810106E-02  0.105733491
   15.3804722       6.04930483E-02   4.00987342E-02  0.104889005
   15.4275761       6.00567050E-02   3.98164764E-02  0.104044601
   15.4746838       5.96203245E-02   3.95341963E-02  0.103200108
   15.5217915       5.91839477E-02   3.92519198E-02  0.102355629
   15.5688992       5.87475672E-02   3.89696360E-02  0.101511151
   15.6160069       5.83111867E-02   3.86873558E-02  0.100666665
   15.6631145       5.78748100E-02   3.84050794E-02   9.98221785E-02
   15.7102184       5.74384630E-02   3.81228179E-02   9.89777595E-02
   15.7573261       5.70020862E-02   3.78405415E-02   9.81332809E-02
   15.8044338       5.65657057E-02   3.75582613E-02   9.72888023E-02
   15.8515415       5.61293289E-02   3.72759849E-02   9.64443162E-02
   15.8986492       5.56929484E-02   3.69937010E-02   9.55998302E-02
   15.9457569       5.52565679E-02   3.67114209E-02   9.47553515E-02
   15.9928646       5.48201911E-02   3.64291444E-02   9.39108729E-02
   16.0399685       5.43838479E-02   3.61468866E-02   9.30664539E-02
   16.0870762       5.39474674E-02   3.58646065E-02   9.22219753E-02
   16.1341839       5.35110869E-02   3.55823264E-02   9.13774818E-02
   16.1812916       5.30747101E-02   3.53000462E-02   9.05330032E-02
   16.2283993       5.26383296E-02   3.50177661E-02   8.96885246E-02
   16.2755070       5.22019491E-02   3.47354859E-02   8.88440311E-02
   16.3226109       5.17656095E-02   3.44532318E-02   8.79996270E-02
   16.3697186       5.13292290E-02   3.41709480E-02   8.71551409E-02
   16.4168262       5.08928522E-02   3.38886753E-02   8.63106623E-02
   16.4639339       5.04564717E-02   3.36063914E-02   8.54661763E-02
   16.5110416       5.00200912E-02   3.33241113E-02   8.46216902E-02
   16.5581493       4.95837107E-02   3.30418274E-02   8.37772042E-02
   16.6052570       4.91473339E-02   3.27595510E-02   8.29327255E-02
   16.6523609       4.87109907E-02   3.24772969E-02   8.20883065E-02
   16.6994686       4.82746102E-02   3.21950167E-02   8.12438279E-02
   16.7465763       4.78382334E-02   3.19127366E-02   8.03993493E-02
   16.7936840       4.74018529E-02   3.16304564E-02   7.95548633E-02
   16.8407917       4.69654724E-02   3.13481763E-02   7.87103772E-02
   16.8878994       4.65290919E-02   3.10658924E-02   7.78658986E-02
   16.9350033       4.60927486E-02   3.07836384E-02   7.70214796E-02
   16.9821110       4.56563681E-02   3.05013563E-02   7.61770010E-02
   17.0292187       4.52199951E-02   3.02190818E-02   7.53325224E-02
   17.0763264       4.47836146E-02   2.99368016E-02   7.44880363E-02
   17.1234341       4.43472341E-02   2.96545196E-02   7.36435503E-02
   17.1705418       4.39108536E-02   2.93722376E-02   7.27990717E-02
   17.2176495       4.34744768E-02   2.90899612E-02   7.19545856E-02
   17.2647533       4.30381298E-02   2.88077015E-02   7.11101666E-02
   17.3118610       4.26017530E-02   2.85254233E-02   7.02656880E-02
   17.3589687       4.21653762E-02   2.82431468E-02   6.94212019E-02
   17.4060764       4.17289957E-02   2.79608648E-02   6.85767233E-02
   17.4531841       4.12926152E-02   2.76785828E-02   6.77322373E-02
   17.5002918       4.08562347E-02   2.73963027E-02   6.68877512E-02
   17.5473957       4.04198915E-02   2.71140449E-02   6.60433397E-02
   17.5945034       3.99835147E-02   2.68317685E-02   6.51988536E-02
   17.6416111       3.95471379E-02   2.65494920E-02   6.43543750E-02
   17.6887188       3.91250886E-02   2.62005888E-02   6.36737347E-02
   17.7358265       3.87061462E-02   2.58372538E-02   6.30285889E-02
   17.7829342       3.82872038E-02   2.54739188E-02   6.23834506E-02
   17.8300419       3.78682613E-02   2.51105838E-02   6.17383048E-02
   17.8771458       3.74493524E-02   2.47472785E-02   6.10932149E-02
   17.9242535       3.70304063E-02   2.43839398E-02   6.04480654E-02
   17.9713612       3.66114676E-02   2.40206085E-02   5.98029271E-02
   18.0184689       3.61925215E-02   2.36572698E-02   5.91577813E-02
   18.0655766       3.57735790E-02   2.32939348E-02   5.85126355E-02
   18.1126842       3.53546366E-02   2.29305997E-02   5.78674972E-02
   18.1597881       3.49357277E-02   2.25672945E-02   5.72224036E-02
   18.2068958       3.45167853E-02   2.22039595E-02   5.65772578E-02
   18.2540035       3.40978429E-02   2.18406245E-02   5.59321195E-02
   18.3011112       3.36789005E-02   2.14772895E-02   5.52869737E-02
   18.3482189       3.32599580E-02   2.11139545E-02   5.46418317E-02
   18.3953266       3.28410156E-02   2.07506213E-02   5.39966896E-02
   18.4424343       3.24220732E-02   2.03872863E-02   5.33515438E-02
   18.4895382       3.20031643E-02   2.00239792E-02   5.27064539E-02
   18.5366459       3.15842219E-02   1.96606461E-02   5.20613119E-02
   18.5837536       3.11652794E-02   1.92973111E-02   5.14161661E-02
   18.6308613       3.07463370E-02   1.89339761E-02   5.07710241E-02
   18.6779690       3.03273946E-02   1.85706429E-02   5.01258820E-02
   18.7250767       2.99084522E-02   1.82073079E-02   4.94807363E-02
   18.7721806       2.94895433E-02   1.78440008E-02   4.88356464E-02
   18.8192883       2.90706009E-02   1.74806658E-02   4.81905043E-02
   18.8663960       2.86516584E-02   1.71173327E-02   4.75453585E-02
   18.9135036       2.82327160E-02   1.67539977E-02   4.69002165E-02
   18.9606113       2.78137736E-02   1.63906626E-02   4.62550744E-02
   19.0077190       2.73948312E-02   1.60273276E-02   4.56099287E-02
   19.0548267       2.69758888E-02   1.56639926E-02   4.49647866E-02
   19.1019306       2.65569799E-02   1.53006874E-02   4.43196967E-02
   19.1490383       2.61380356E-02   1.49373505E-02   4.36745510E-02
   19.1961460       2.57190950E-02   1.45740174E-02   4.30294089E-02
   19.2432537       2.53001507E-02   1.42106805E-02   4.23842631E-02
   19.2903614       2.48812102E-02   1.38473483E-02   4.17391211E-02
   19.3374691       2.44622678E-02   1.34840133E-02   4.10939790E-02
   19.3845730       2.40433589E-02   1.31207071E-02   4.04488891E-02
   19.4316807       2.36244146E-02   1.27573712E-02   3.98037434E-02
   19.4787884       2.32054722E-02   1.23940362E-02   3.91585976E-02
   19.5258961       2.27865297E-02   1.20307012E-02   3.85134593E-02
   19.5730038       2.23675873E-02   1.16673671E-02   3.78683135E-02
   19.6201115       2.19486449E-02   1.13040321E-02   3.72231677E-02
   19.6672192       2.15297025E-02   1.09406970E-02   3.65780257E-02
   19.7143230       2.11107936E-02   1.05773918E-02   3.59329358E-02
   19.7614307       2.06918512E-02   1.02140568E-02   3.52877937E-02
   19.8085384       2.02729087E-02   9.85072181E-03   3.46426480E-02
   19.8556461       1.98539644E-02   9.48738493E-03   3.39975059E-02
   19.9027538       1.94350239E-02   9.12405271E-03   3.33523639E-02
   19.9498615       1.90160796E-02   8.76071583E-03   3.27072181E-02
   19.9969654       1.85971726E-02   8.39741156E-03   3.20621282E-02
   20.0440731       1.81782302E-02   8.03407747E-03   3.14169861E-02
   20.0911808       1.77592877E-02   7.67074246E-03   3.07718404E-02
   20.1382885       1.73403434E-02   7.30740651E-03   3.01266965E-02
   20.1853962       1.69214010E-02   6.94407150E-03   2.94815525E-02
   20.2325039       1.65024586E-02   6.58073649E-03   2.88364105E-02
   20.2796116       1.60835180E-02   6.21740334E-03   2.81912684E-02
   20.3267155       1.56646073E-02   5.85409626E-03   2.75461748E-02
   20.3738232       1.52456649E-02   5.49076125E-03   2.69010328E-02
   20.4209309       1.48267206E-02   5.12742437E-03   2.62558870E-02
   20.4680386       1.44077800E-02   4.76409122E-03   2.56107468E-02
   20.5151463       1.39888376E-02   4.40075714E-03   2.49656029E-02
   20.5622540       1.35698952E-02   4.03742213E-03   2.43204590E-02
   20.6093578       1.32547803E-02   3.79824359E-03   2.38204096E-02
   20.6564655       1.30884284E-02   3.73698119E-03   2.35282332E-02
   20.7035732       1.29220765E-02   3.67571786E-03   2.32360587E-02
   20.7506809       1.27557255E-02   3.61445639E-03   2.29438823E-02
   20.7977886       1.25893736E-02   3.55319306E-03   2.26517059E-02
   20.8448963       1.24230217E-02   3.49193066E-03   2.23595314E-02
   20.8920002       1.22566829E-02   3.43067199E-03   2.20673773E-02
   20.9391079       1.20903309E-02   3.36940959E-03   2.17752010E-02
   20.9862156       1.19239800E-02   3.30814719E-03   2.14830264E-02
   21.0333233       1.17576281E-02   3.24688479E-03   2.11908501E-02
   21.0804310       1.15912762E-02   3.18562146E-03   2.08986737E-02
   21.1275387       1.14249242E-02   3.12435906E-03   2.06064992E-02
   21.1746464       1.12585723E-02   3.06309573E-03   2.03143209E-02
   21.2217503       1.10922344E-02   3.00183892E-03   2.00221706E-02
   21.2688580       1.09258816E-02   2.94057466E-03   1.97299942E-02
   21.3159657       1.07595306E-02   2.87931319E-03   1.94378179E-02
   21.3630733       1.05931787E-02   2.81805033E-03   1.91456415E-02
   21.4101810       1.04268268E-02   2.75678746E-03   1.88534670E-02
   21.4572887       1.02604749E-02   2.69552460E-03   1.85612887E-02
   21.5043926       1.00941369E-02   2.63426732E-03   1.82691384E-02
   21.5515003       9.92778502E-03   2.57300446E-03   1.79769620E-02
   21.5986080       9.76143312E-03   2.51174159E-03   1.76847875E-02
   21.6457157       9.59508121E-03   2.45047919E-03   1.73926093E-02
   21.6928234       9.42872930E-03   2.38921586E-03   1.71004348E-02
   21.7399311       9.26237740E-03   2.32795347E-03   1.68082584E-02
   21.7870388       9.09602642E-03   2.26669107E-03   1.65160820E-02
   21.8341427       8.92968755E-03   2.20543286E-03   1.62239298E-02
   21.8812504       8.76333565E-03   2.14416999E-03   1.59317553E-02
   21.9283581       8.59698374E-03   2.08290759E-03   1.56395771E-02
   21.9754658       8.43063183E-03   2.02164473E-03   1.53474025E-02
   22.0225735       8.26427992E-03   1.96038187E-03   1.50552262E-02
   22.0696812       8.09792802E-03   1.89911854E-03   1.47630498E-02
   22.1167850       7.93159008E-03   1.83786172E-03   1.44708976E-02
   22.1638927       7.76523817E-03   1.77659839E-03   1.41787222E-02
   22.2110004       7.59888627E-03   1.71533599E-03   1.38865458E-02
   22.2581081       7.43253436E-03   1.65407313E-03   1.35943703E-02
   22.3052158       7.26618292E-03   1.59281073E-03   1.33021940E-02
   22.3523235       7.09983101E-03   1.53154787E-03   1.30100176E-02
   22.3994312       6.93347910E-03   1.47028500E-03   1.27178421E-02
   22.4465351       6.76714070E-03   1.40902726E-03   1.24256900E-02
   22.4936428       6.60078879E-03   1.34776440E-03   1.21335136E-02
   22.5407505       6.43443735E-03   1.28650200E-03   1.18413381E-02
   22.5878582       6.26808545E-03   1.22523913E-03   1.15491617E-02
   22.6349659       6.10173354E-03   1.16397627E-03   1.12569854E-02
   22.6820736       5.93538163E-03   1.10271387E-03   1.09648099E-02
   22.7291775       5.76904370E-03   1.04145613E-03   1.06726587E-02
   22.7762852       5.60269179E-03   9.80193261E-04   1.03804823E-02
   22.8233929       5.43633942E-03   9.18929931E-04   1.00883059E-02
   22.8705006       5.26998751E-03   8.57667066E-04   9.79612954E-03
   22.9176083       5.10363560E-03   7.96404667E-04   9.50395316E-03
   22.9647160       4.93728463E-03   7.35142734E-04   9.21177864E-03
   23.0118237       4.77093272E-03   6.73879404E-04   8.91960226E-03
   23.0589275       4.60459385E-03   6.12621196E-04   8.62745009E-03
   23.1060352       4.43824194E-03   5.51358331E-04   8.33527371E-03
   23.1531429       4.27189097E-03   4.90096863E-04   8.04309826E-03
   23.2002506       4.10553906E-03   4.28833533E-04   7.75092281E-03
   23.2473583       3.93918715E-03   3.67571134E-04   7.45874643E-03
   23.2944660       3.77283525E-03   3.06308270E-04   7.16657052E-03
   23.3415699       3.60649731E-03   2.45050993E-04   6.87441835E-03
   23.3886776       3.44014540E-03   1.83788128E-04   6.58224244E-03
   23.4357853       3.27379350E-03   1.22524798E-04   6.29006652E-03
   23.4828930       3.10744159E-03   6.12623990E-05   5.99789014E-03
   23.5300007       3.10744159E-03   6.12623990E-05   5.99789014E-03
