-23.5300007 0.00000000 0 0.003
-23.4828930 0.00000000 0 0.003
-23.4357872 0.00000000 0 0.003
-23.3886795 0.00000000 0 0.003
-23.3415718 0.00000000 0 0.003
-23.2944660 0.00000000 0 0.003
-23.2473583 0.00000000 0 0.003
-23.2002506 0.00000000 0 0.003
-23.1531429 0.00000000 0 0.003
-23.1060371 0.00000000 0 0.003
-23.0589294 0.00000000 0 0.003
-23.0118217 0.00000000 0 0.003
-22.9647160 0.00000000 0 0.003
-22.9176083 0.00000000 0 0.003
-22.8705006 0.00000000 0 0.003
-22.8233948 0.00000000 0 0.003
-22.7762871 0.00000000 0 0.003
-22.7291794 0.00000000 0 0.003
-22.6820736 0.00000000 0 0.003
-22.6349659 0.00000000 0 0.003
-22.5878582 0.00000000 0 0.003
-22.5407505 0.00000000 0 0.003
-22.4936447 0.00000000 0 0.003
-22.4465370 0.00000000 0 0.003
-22.3994293 0.00000000 0 0.003
-22.3523235 0.00000000 0 0.003
-22.3052158 0.00000000 0 0.003
-22.2581081 0.00000000 0 0.003
-22.2110023 0.00000000 0 0.003
-22.1638947 0.00000000 0 0.003
-22.1167870 0.00000000 0 0.003
-22.0696812 0.00000000 0 0.003
-22.0225735 0.00000000 0 0.003
-21.9754658 0.00000000 0 0.003
-21.9283600 0.00000000 0 0.003
-21.8812523 0.00000000 0 0.003
-21.8341446 0.00000000 0 0.003
-21.7870369 0.00000000 0 0.003
-21.7399311 0.00000000 0 0.003
-21.6928234 0.00000000 0 0.003
-21.6457157 0.00000000 0 0.003
-21.5986099 0.00000000 0 0.003
-21.5515022 0.00000000 0 0.003
-21.5043945 0.00000000 0 0.003
-21.4572887 0.00000000 0 0.003
-21.4101810 0.00000000 0 0.003
-21.3630733 0.00000000 0 0.003
-21.3159676 0.00000000 0 0.003
-21.2688599 0.00000000 0 0.003
-21.2217522 0.00000000 0 0.003
-21.1746445 0.00000000 0 0.003
-21.1275387 0.00000000 0 0.003
-21.0804310 0.00000000 0 0.003
-21.0333233 0.00000000 0 0.003
-20.9862175 0.00000000 0 0.003
-20.9391098 0.00000000 0 0.003
-20.8920021 0.00000000 0 0.003
-20.8448963 0.00000000 0 0.003
-20.7977886 0.00000000 0 0.003
-20.7506809 0.00000000 0 0.003
-20.7035751 0.00000000 0 0.003
-20.6564674 0.00000000 0 0.003
-20.6093597 0.00000000 0 0.003
-20.5622520 2.04953958E-05 0 0.003
-20.5151463 5.52888232E-05 0 0.003
-20.4680386 9.00836530E-05 0 0.003
-20.4209309 1.24878497E-04 0 0.003
-20.3738251 1.59671923E-04 0 0.003
-20.3267174 1.94466746E-04 0 0.003
-20.2796097 2.29261597E-04 0 0.003
-20.2325039 2.64055037E-04 0 0.003
-20.1853962 2.98849860E-04 0 0.003
-20.1382885 3.33644712E-04 0 0.003
-20.0911827 3.68438108E-04 0 0.003
-20.0440750 4.03232931E-04 0 0.003
-19.9969673 4.38027782E-04 0 0.003
-19.9498596 4.72822634E-04 0 0.003
-19.9027538 5.07616031E-04 0 0.003
-19.8556461 5.42410882E-04 0 0.003
-19.8085384 5.77205734E-04 0 0.003
-19.7614326 6.11999130E-04 0 0.003
-19.7143250 6.46793982E-04 0 0.003
-19.6672173 6.81588834E-04 0 0.003
-19.6201115 7.16382230E-04 0 0.003
-19.5730038 7.51177082E-04 0 0.003
-19.5258961 7.85971992E-04 0 0.003
-19.4787903 8.20765330E-04 0 0.003
-19.4316826 8.55560182E-04 0 0.003
-19.3845749 8.90354975E-04 0 0.003
-19.3374672 9.25149885E-04 0 0.003
-19.2903614 9.59943281E-04 0 0.003
-19.2432537 9.94738075E-04 0 0.003
-19.1961479 1.02953159E-03 0 0.003
-19.1490402 1.06432638E-03 0 0.003
-19.1019325 1.09912117E-03 0 0.003
-19.0548248 1.13391608E-03 0 0.003
-19.0077171 1.16871088E-03 0 0.003
-18.9606113 1.20350427E-03 0 0.003
-18.9135036 1.23829918E-03 0 0.003
-18.8663979 1.27309258E-03 0 0.003
-18.8192902 1.30788737E-03 0 0.003
-18.7721825 1.34268228E-03 0 0.003
-18.7250748 1.37747719E-03 0 0.003
-18.6779690 1.41227059E-03 0 0.003
-18.6308613 1.44706527E-03 0 0.003
-18.5837555 1.48185878E-03 0 0.003
-18.5366478 1.51665357E-03 0 0.003
-18.4895401 1.55144848E-03 0 0.003
-18.4424324 1.58624339E-03 0 0.003
-18.3953266 1.62103667E-03 0 0.003
-18.3482189 1.65583147E-03 0 0.003
-18.3011112 1.69062638E-03 0 0.003
-18.2540054 1.72541989E-03 0 0.003
-18.2068977 1.76021468E-03 0 0.003
-18.1597900 1.79500948E-03 0 0.003
-18.1126823 1.82980427E-03 0 0.003
-18.0655766 1.86459778E-03 0 0.003
-18.0184689 1.89939258E-03 0 0.003
-17.9713631 1.93418609E-03 0 0.003
-17.9242554 1.96898100E-03 0 0.003
-17.8771477 2.00377568E-03 0 0.003
-17.8300400 2.03857059E-03 0 0.003
-17.7829342 2.07336387E-03 0 0.003
  -17.7358265       2.10815878E-03   0.00000000       3.01759923E-03
  -17.6887188       2.14295369E-03   0.00000000       3.06640891E-03
  -17.6416130       2.18376960E-03   0.00000000       3.12063657E-03
  -17.5945053       2.25239270E-03   0.00000000       3.19989142E-03
  -17.5473976       2.32101581E-03   0.00000000       3.27914627E-03
  -17.5002899       2.38963915E-03   0.00000000       3.35840136E-03
  -17.4531841       2.45825946E-03   0.00000000       3.43765295E-03
  -17.4060764       2.52688257E-03   0.00000000       3.51690780E-03
  -17.3589706       2.59550312E-03   0.00000000       3.59615963E-03
  -17.3118629       2.66412622E-03   0.00000000       3.67541471E-03
  -17.2647552       2.73274933E-03   0.00000000       3.75466933E-03
  -17.2176476       2.80137267E-03   0.00000000       3.83392442E-03
  -17.1705418       2.86999298E-03   0.00000000       3.91317625E-03
  -17.1234341       2.93861609E-03   0.00000000       3.99243087E-03
  -17.0763264       3.00723943E-03   0.00000000       4.07168642E-03
  -17.0292206       3.07585974E-03   0.00000000       4.15093778E-03
  -16.9821129       3.14448285E-03   0.00000000       4.23019286E-03
  -16.9350052       3.21310619E-03   0.00000000       4.30944795E-03
  -16.8878975       3.28172930E-03   0.00000000       4.38870257E-03
  -16.8407917       3.35034961E-03   0.00000000       4.46795439E-03
  -16.7936840       3.41897272E-03   0.00000000       4.54720948E-03
  -16.7465782       3.48759326E-03   0.00000000       4.62646130E-03
  -16.6994705       3.55621660E-03   0.00000000       4.70571592E-03
  -16.6523628       3.62483971E-03   0.00000000       4.78497101E-03
  -16.6052551       3.69346282E-03   0.00000000       4.86422610E-03
  -16.5581493       3.76208313E-03   0.00000000       4.94347746E-03
  -16.5110416       3.83070647E-03   0.00000000       5.02273254E-03
  -16.4639339       3.89932957E-03   0.00000000       5.10198763E-03
  -16.4168282       3.96795012E-03   0.00000000       5.18123945E-03
  -16.3697205       4.03657323E-03   0.00000000       5.26049454E-03
  -16.3226128       4.10519633E-03   0.00000000       5.33974916E-03
  -16.2755051       4.17381944E-03   0.00000000       5.41900378E-03
  -16.2283993       4.24243975E-03   0.00000000       5.49825560E-03
  -16.1812916       4.31106333E-03   0.00000000       5.57751115E-03
  -16.1341858       4.37968317E-03   0.00000000       5.65676205E-03
  -16.0870781       4.44830675E-03   0.00000000       5.73601760E-03
  -16.0399704       4.51692985E-03   0.00000000       5.81527222E-03
  -15.9928637       4.58555156E-03   0.00000000       5.89452591E-03
  -15.9457569       4.65417374E-03   0.00000000       5.97377960E-03
  -15.8986492       4.72279638E-03   0.00000000       6.05303375E-03
  -15.8515415       4.79141995E-03   0.00000000       6.13228884E-03
  -15.8044348       4.86004166E-03   0.00000000       6.21154252E-03
  -15.7573280       4.92866337E-03   0.00000000       6.29079528E-03
  -15.7102203       4.99728695E-03   0.00000000       6.37005083E-03
  -15.6631136       5.06590866E-03   0.00000000       6.44930406E-03
  -15.6160069       5.13453037E-03   0.00000000       6.52855728E-03
  -15.5688992       5.20315301E-03   0.00000000       6.60781190E-03
  -15.5217924       5.27177472E-03   0.00000000       6.68706512E-03
  -15.4746857       5.34039736E-03   0.00000000       6.76631927E-03
  -15.4275780       5.40902000E-03   0.00000000       6.84557389E-03
  -15.3804712       5.47764171E-03   0.00000000       6.92482665E-03
  -15.3333635       5.54626528E-03   0.00000000       7.00408220E-03
  -15.2862568       5.61488699E-03   0.00000000       7.08333543E-03
  -15.2391500       5.68350870E-03   0.00000000       7.16258865E-03
  -15.1920424       5.75213227E-03   0.00000000       7.24184420E-03
  -15.1449356       5.82075398E-03   0.00000000       7.32109742E-03
  -15.0978279       5.88937663E-03   0.00000000       7.40035158E-03
  -15.0507212       5.95799834E-03   0.00000000       7.47960526E-03
  -15.0036144       6.02662005E-03   0.00000000       7.55885802E-03
  -14.9565067       6.09524362E-03   0.00000000       7.63811357E-03
  -14.9094000       6.16386533E-03   0.00000000       7.71736680E-03
  -14.8622932       6.23248704E-03   0.00000000       7.79662002E-03
  -14.8151855       6.30111061E-03   0.00000000       7.87587557E-03
  -14.7680788       6.36973232E-03   0.00000000       7.95512833E-03
  -14.7209711       6.43835496E-03   0.00000000       8.03438295E-03
  -14.6738644       6.49312884E-03   0.00000000       8.19766428E-03
  -14.6267576       6.54369825E-03   0.00000000       8.38645734E-03
  -14.5796499       6.59426861E-03   0.00000000       8.57525319E-03
  -14.5325432       6.64483802E-03   0.00000000       8.76404531E-03
  -14.4854355       6.69540884E-03   0.00000000       8.95284303E-03
  -14.4383287       6.74597826E-03   0.00000000       9.14163515E-03
  -14.3912220       6.79654768E-03   0.00000000       9.33042727E-03
  -14.3441143       6.84711803E-03   0.00000000       9.51922406E-03
  -14.2970076       6.89768745E-03   0.00000000       9.70801711E-03
  -14.2499008       6.94825687E-03   0.00000000       9.89680924E-03
  -14.2027931       6.99882768E-03   0.00000000       1.00856060E-02
  -14.1556864       7.04939663E-03   0.00000000       1.02743981E-02
  -14.1085787       7.09996745E-03   0.00000000       1.04631949E-02
  -14.0614719       7.15053687E-03   0.00000000       1.06519870E-02
  -14.0143652       7.20110629E-03   0.00000000       1.08407801E-02
  -13.9672575       7.25167664E-03   0.00000000       1.10295769E-02
  -13.9201508       7.30224606E-03   0.00000000       1.12183690E-02
  -13.8730440       7.35281548E-03   0.00000000       1.14071611E-02
  -13.8259363       7.40338629E-03   0.00000000       1.15959588E-02
  -13.7788296       7.45395571E-03   0.00000000       1.17847510E-02
  -13.7317219       7.50452606E-03   0.00000000       1.19735468E-02
  -13.6846151       7.55509548E-03   0.00000000       1.21623389E-02
  -13.6375084       7.60566490E-03   0.00000000       1.23511329E-02
  -13.5904007       7.65623525E-03   0.00000000       1.25399288E-02
  -13.5432940       7.70680513E-03   0.00000000       1.27287218E-02
  -13.4961863       7.75737502E-03   0.00000000       1.29175177E-02
  -13.4490795       7.80794490E-03   0.00000000       1.31063107E-02
  -13.4019728       7.85851385E-03   0.00000000       1.32951029E-02
  -13.3548651       7.90908467E-03   0.00000000       1.34838996E-02
  -13.3077583       7.95965455E-03   0.00000000       1.36726927E-02
  -13.2606516       8.01022351E-03   0.00000000       1.38614848E-02
  -13.2135439       8.06079432E-03   0.00000000       1.40502807E-02
  -13.1664371       8.11136328E-03   0.00000000       1.42390728E-02
  -13.1193295       8.16193409E-03   0.00000000       1.44278705E-02
  -13.0722227       8.21250305E-03   0.00000000       1.46166626E-02
  -13.0251160       8.26307293E-03   0.00000000       1.48054548E-02
  -12.9780083       8.31364281E-03   0.00000000       1.49942506E-02
  -12.9309015       8.36421270E-03   0.00000000       1.51830446E-02
  -12.8837938       8.41478352E-03   0.00000000       1.53718404E-02
  -12.8366871       8.46535247E-03   0.00000000       1.55606326E-02
  -12.7895803       8.51592235E-03   0.00000000       1.57494266E-02
  -12.7424726       8.56649317E-03   0.00000000       1.59382224E-02
  -12.6953659       8.61706212E-03   0.00000000       1.61270145E-02
  -12.6482592       8.66763107E-03   0.00000000       1.63158067E-02
  -12.6011515       8.71820189E-03   0.00000000       1.65046044E-02
  -12.5540447       8.76877178E-03   0.00000000       1.66933984E-02
  -12.5069370       8.81934166E-03   0.00000000       1.68821923E-02
  -12.4598303       8.86991154E-03   0.00000000       1.70709863E-02
  -12.4127235       8.92048050E-03   0.00000000       1.72597766E-02
  -12.3656158       8.97105131E-03   0.00000000       1.74485743E-02
  -12.3185091       9.02162120E-03   0.00000000       1.76373683E-02
  -12.2714024       9.07219015E-03   0.00000000       1.78261586E-02
  -12.2242947       9.12276097E-03   0.00000000       1.80149563E-02
  -12.1771879       9.17332992E-03   0.00000000       1.82037484E-02
  -12.1300802       9.22390074E-03   0.00000000       1.83925442E-02
  -12.0829735       9.27446969E-03   0.00000000       1.85813382E-02
  -12.0358667       9.32503957E-03   0.00000000       1.87701304E-02
  -11.9887590       9.37560946E-03   0.00000000       1.89589262E-02
  -11.9416523       9.42617934E-03   0.00000000       1.91477202E-02
  -11.8945446       9.47675016E-03   0.00000000       1.93365160E-02
  -11.8474379       9.52731911E-03   0.00000000       1.95253082E-02
  -11.8003311       9.57788900E-03   0.00000000       1.97141021E-02
  -11.7532234       9.62674618E-03   4.03262675E-06   1.98936742E-02
  -11.7061167       9.66540631E-03   3.20607796E-05   2.00183541E-02
  -11.6590099       9.70406644E-03   6.00898638E-05   2.01430321E-02
  -11.6119022       9.74272750E-03   8.81189480E-05   2.02677138E-02
  -11.5647955       9.78138763E-03   1.16147101E-04   2.03923918E-02
  -11.5176878       9.82004870E-03   1.44177116E-04   2.05170736E-02
  -11.4705811       9.85870883E-03   1.72205269E-04   2.06417535E-02
  -11.4234743       9.89736896E-03   2.00234354E-04   2.07664333E-02
  -11.3763666       9.93602909E-03   2.28262506E-04   2.08911132E-02
  -11.3292599       9.97468922E-03   2.56290659E-04   2.10157931E-02
  -11.2821522       1.00133503E-02   2.84320675E-04   2.11404748E-02
  -11.2350454       1.00520104E-02   3.12348828E-04   2.12651528E-02
  -11.1879387       1.00906705E-02   3.40376981E-04   2.13898309E-02
  -11.1408310       1.01293316E-02   3.68406996E-04   2.15145126E-02
  -11.0937243       1.01679917E-02   3.96435149E-04   2.16391925E-02
  -11.0466175       1.02066519E-02   4.24464233E-04   2.17638724E-02
  -10.9995098       1.02453129E-02   4.52493317E-04   2.18885541E-02
  -10.9524031       1.02839731E-02   4.80521470E-04   2.20132321E-02
  -10.9052954       1.03226341E-02   5.08551486E-04   2.21379139E-02
  -10.8581886       1.03612943E-02   5.36579639E-04   2.22625919E-02
  -10.8110819       1.03999544E-02   5.64608723E-04   2.23872717E-02
  -10.7639742       1.04386155E-02   5.92637807E-04   2.25119535E-02
  -10.7168674       1.04772756E-02   6.20665960E-04   2.26366334E-02
  -10.6697598       1.05159367E-02   6.48695044E-04   2.27613151E-02
  -10.6226530       1.05545968E-02   6.76724128E-04   2.28859931E-02
  -10.5755463       1.05932569E-02   7.04752281E-04   2.30106711E-02
  -10.5284386       1.06319180E-02   7.32782297E-04   2.31353529E-02
  -10.4813318       1.06705781E-02   7.60810450E-04   2.32600328E-02
  -10.4342251       1.07092382E-02   7.88839534E-04   2.33847126E-02
  -10.3871174       1.07478984E-02   8.16867687E-04   2.35093925E-02
  -10.3400106       1.07865594E-02   8.44896771E-04   2.36340724E-02
  -10.2929029       1.08252196E-02   8.72925855E-04   2.37587541E-02
  -10.2457962       1.08638797E-02   9.00954008E-04   2.38834321E-02
  -10.1986895       1.09025398E-02   9.28982161E-04   2.40081102E-02
  -10.1515818       1.09412009E-02   9.57012177E-04   2.41327919E-02
  -10.1044750       1.09798610E-02   9.85040329E-04   2.42574718E-02
  -10.0573683       1.10185212E-02   1.01306941E-03   2.43821517E-02
  -10.0102606       1.10571822E-02   1.04109850E-03   2.45068334E-02
  -9.96315384       1.10958423E-02   1.06912665E-03   2.46315114E-02
  -9.91604614       1.11345034E-02   1.09715667E-03   2.47561932E-02
  -9.86893940       1.11731635E-02   1.12518482E-03   2.48808712E-02
  -9.82183266       1.12118237E-02   1.15321297E-03   2.50055511E-02
  -9.77472496       1.12504847E-02   1.18124299E-03   2.51302328E-02
  -9.72761822       1.12891449E-02   1.20927114E-03   2.52549108E-02
  -9.68051052       1.13278059E-02   1.23730022E-03   2.53795926E-02
  -9.63340378       1.13664661E-02   1.26532931E-03   2.55042724E-02
  -9.58629704       1.14051262E-02   1.29335746E-03   2.56289504E-02
  -9.53918934       1.14437873E-02   1.32138748E-03   2.57536322E-02
  -9.49208260       1.14824474E-02   1.34941563E-03   2.58783121E-02
  -9.44497585       1.15211075E-02   1.37744471E-03   2.60029919E-02
  -9.39786816       1.15597686E-02   1.40547380E-03   2.61276737E-02
  -9.35076141       1.15984287E-02   1.43350195E-03   2.62523517E-02
  -9.30365372       1.16370888E-02   1.46153104E-03   2.63770316E-02
  -9.25654697       1.16757490E-02   1.48955919E-03   2.65017115E-02
  -9.20944023       1.17144100E-02   1.51758827E-03   2.66263913E-02
  -9.16233253       1.17530702E-02   1.54561736E-03   2.67510712E-02
  -9.11522579       1.17917303E-02   1.57364551E-03   2.68757492E-02
  -9.06811810       1.18303914E-02   1.60167459E-03   2.70004310E-02
  -9.02101135       1.18690515E-02   1.62970368E-03   2.71251108E-02
  -8.97390461       1.19077116E-02   1.65773183E-03   2.72497907E-02
  -8.92679691       1.19463727E-02   1.68576185E-03   2.73744725E-02
  -8.87969017       1.19850328E-02   1.71379000E-03   2.74991505E-02
  -8.83258343       1.20236930E-02   1.74181815E-03   2.76238285E-02
  -8.78547573       1.22401472E-02   1.95082836E-03   2.79167425E-02
  -8.73836899       1.25214001E-02   2.22579949E-03   2.82709673E-02
  -8.69126129       1.28026577E-02   2.50077434E-03   2.86251977E-02
  -8.64415455       1.30839106E-02   2.77574547E-03   2.89794207E-02
  -8.59704781       1.33651635E-02   3.05071566E-03   2.93336436E-02
  -8.54994011       1.36464220E-02   3.32569145E-03   2.96878740E-02
  -8.50283337       1.39276739E-02   3.60066164E-03   3.00420970E-02
  -8.45572662       1.42089268E-02   3.87563184E-03   3.03963237E-02
  -8.40861893       1.44901853E-02   4.15060855E-03   3.07505522E-02
  -8.36151218       1.47714382E-02   4.42557875E-03   3.11047770E-02
  -8.31440449       1.50526958E-02   4.70055360E-03   3.14590074E-02
  -8.26729774       1.53339487E-02   4.97552473E-03   3.18132304E-02
  -8.22019100       1.56152016E-02   5.25049493E-03   3.21674533E-02
  -8.17308331       1.58964600E-02   5.52547164E-03   3.25216874E-02
  -8.12597656       1.61777120E-02   5.80044091E-03   3.28759104E-02
  -8.07886887       1.64589714E-02   6.07541762E-03   3.32301408E-02
  -8.03176212       1.67402234E-02   6.35038782E-03   3.35843638E-02
  -7.98465538       1.70214772E-02   6.62535895E-03   3.39385867E-02
  -7.93754768       1.73027348E-02   6.90033473E-03   3.42928171E-02
  -7.89044094       1.75839867E-02   7.17530400E-03   3.46470401E-02
  -7.84333420       1.78652406E-02   7.45027512E-03   3.50012667E-02
  -7.79622650       1.81464981E-02   7.72525091E-03   3.53554972E-02
  -7.74911976       1.84277501E-02   8.00022017E-03   3.57097201E-02
  -7.70201206       1.87090095E-02   8.27519782E-03   3.60639542E-02
  -7.65490532       1.89902615E-02   8.55016708E-03   3.64181772E-02
  -7.60779858       1.92715134E-02   8.82513635E-03   3.67724001E-02
  -7.56069088       1.95527729E-02   9.10011400E-03   3.71266305E-02
  -7.51358414       1.98340248E-02   9.37508326E-03   3.74808535E-02
  -7.46647644       2.01152824E-02   9.65005904E-03   3.78350839E-02
  -7.41937065       2.03965306E-02   9.92502458E-03   3.81892994E-02
  -7.37226295       2.06777882E-02   1.01999994E-02   3.85435298E-02
  -7.32515526       2.09590457E-02   1.04749752E-02   3.88977602E-02
  -7.27804756       2.12403052E-02   1.07499519E-02   3.92519906E-02
  -7.23094177       2.15215534E-02   1.10249184E-02   3.96062098E-02
  -7.18383408       2.18028110E-02   1.12998933E-02   3.99604402E-02
  -7.13672638       2.20840685E-02   1.15748681E-02   4.03146707E-02
  -7.08962059       2.23653167E-02   1.18498346E-02   4.06688899E-02
  -7.04251289       2.26465743E-02   1.21248094E-02   4.10231203E-02
  -6.99540520       2.29278319E-02   1.23997852E-02   4.13773507E-02
  -6.94829941       2.32090801E-02   1.26747508E-02   4.17315662E-02
  -6.90119171       2.34903377E-02   1.29497265E-02   4.20857966E-02
  -6.85408401       2.37715952E-02   1.32247014E-02   4.24400270E-02
  -6.80697823       2.40528435E-02   1.34996669E-02   4.27942425E-02
  -6.75987053       2.43341029E-02   1.37746446E-02   4.31484766E-02
  -6.71276283       2.46153604E-02   1.40496194E-02   4.35027070E-02
  -6.66565514       2.48966180E-02   1.43245943E-02   4.38569374E-02
  -6.61854935       2.51778662E-02   1.45995608E-02   4.42111567E-02
  -6.57144165       2.54591238E-02   1.48745356E-02   4.45653871E-02
  -6.52433395       2.57403813E-02   1.51495114E-02   4.49196175E-02
  -6.47722816       2.60216296E-02   1.54244769E-02   4.52738330E-02
  -6.43012047       2.63028853E-02   1.56994499E-02   4.56280634E-02
  -6.38301277       2.65841447E-02   1.59744285E-02   4.59822938E-02
  -6.33590698       2.68653929E-02   1.62493922E-02   4.63365093E-02
  -6.28879929       2.71466523E-02   1.65243708E-02   4.66907434E-02
  -6.24169159       2.74279080E-02   1.67993437E-02   4.70449701E-02
  -6.19458580       2.77091563E-02   1.70743093E-02   4.73991893E-02
  -6.14747810       2.79904157E-02   1.73492879E-02   4.77534197E-02
  -6.10037041       2.82716714E-02   1.76242590E-02   4.81076501E-02
  -6.05326271       2.85529308E-02   1.78992376E-02   4.84618805E-02
  -6.00615692       2.88341790E-02   1.81742031E-02   4.88160998E-02
  -5.95904922       2.91154385E-02   1.84491798E-02   4.91703302E-02
  -5.91194153       2.93966942E-02   1.87241547E-02   4.95245606E-02
  -5.86483574       2.98507772E-02   1.90874822E-02   5.00835031E-02
  -5.81772804       3.06689385E-02   1.96369514E-02   5.10737076E-02
  -5.77062035       3.14870998E-02   2.01864168E-02   5.20639084E-02
  -5.72351456       3.23052295E-02   2.07358636E-02   5.30540720E-02
  -5.67640686       3.31233926E-02   2.12853346E-02   5.40442765E-02
  -5.62929916       3.39415520E-02   2.18348019E-02   5.50344773E-02
  -5.58219337       3.47596817E-02   2.23842487E-02   5.60246408E-02
  -5.53508568       3.55778448E-02   2.29337178E-02   5.70148453E-02
  -5.48797798       3.63960043E-02   2.34831832E-02   5.80050461E-02
  -5.44087029       3.72141674E-02   2.40326524E-02   5.89952506E-02
  -5.39376450       3.80322970E-02   2.45820992E-02   5.99854141E-02
  -5.34665680       3.88504602E-02   2.51315702E-02   6.09756187E-02
  -5.29954910       3.96686196E-02   2.56810356E-02   6.19658194E-02
  -5.25244331       4.04867493E-02   2.62304842E-02   6.29559830E-02
  -5.20533562       4.13049124E-02   2.67799534E-02   6.39461875E-02
  -5.15822792       4.21230756E-02   2.73294225E-02   6.49363920E-02
  -5.11112213       4.29412052E-02   2.78788693E-02   6.59265518E-02
  -5.06401443       4.37593684E-02   2.84283385E-02   6.69167638E-02
  -5.01690674       4.45775278E-02   2.89778039E-02   6.79069608E-02
  -4.96980095       4.53956574E-02   2.95272525E-02   6.88971281E-02
  -4.92269325       4.62138206E-02   3.00767217E-02   6.98873252E-02
  -4.87558556       4.70319800E-02   3.06261871E-02   7.08775297E-02
  -4.82847977       4.78501096E-02   3.11756339E-02   7.18676895E-02
  -4.78137207       4.86682728E-02   3.17251049E-02   7.28579015E-02
  -4.73426437       4.94864359E-02   3.22745740E-02   7.38480985E-02
  -4.68715668       5.03045954E-02   3.28240395E-02   7.48383030E-02
  -4.64005089       5.11227250E-02   3.33734863E-02   7.58284628E-02
  -4.59294319       5.19408882E-02   3.39229554E-02   7.68186748E-02
  -4.54583549       5.27590476E-02   3.44724208E-02   7.78088719E-02
  -4.49872971       5.35771772E-02   3.50218713E-02   7.87990391E-02
  -4.45162201       5.43953404E-02   3.55713405E-02   7.97892362E-02
  -4.40451431       5.52135035E-02   3.61208096E-02   8.07794482E-02
  -4.35740852       5.60316294E-02   3.66702527E-02   8.17696080E-02
  -4.31030083       5.68497926E-02   3.72197218E-02   8.27598125E-02
  -4.26319313       5.76679558E-02   3.77691910E-02   8.37500170E-02
  -4.21608734       5.84860817E-02   3.83186340E-02   8.47401768E-02
  -4.16897964       5.93042448E-02   3.88681069E-02   8.57303813E-02
  -4.12187195       6.01224080E-02   3.94175760E-02   8.67205858E-02
  -4.07476425       6.09405711E-02   3.99670452E-02   8.77107903E-02
  -4.02765846       6.17587008E-02   4.05164920E-02   8.87009501E-02
  -3.98055077       6.25768602E-02   4.10659574E-02   8.96911547E-02
  -3.93344307       6.33950233E-02   4.16154265E-02   9.06813592E-02
  -3.88633728       6.42131567E-02   4.21648771E-02   9.16715264E-02
  -3.83922958       6.50313199E-02   4.27143462E-02   9.26617309E-02
  -3.79212189       6.58494756E-02   4.32638116E-02   9.36519280E-02
  -3.74501610       6.66676015E-02   4.38132510E-02   9.46420878E-02
  -3.69790840       6.74857646E-02   4.43627238E-02   9.56322923E-02
  -3.65080070       6.83039278E-02   4.49121930E-02   9.66224968E-02
  -3.60369492       6.91220611E-02   4.54616435E-02   9.76126641E-02
  -3.55658722       6.99402243E-02   4.60111126E-02   9.86028686E-02
  -3.50947952       7.07583874E-02   4.65605818E-02   9.95930731E-02
  -3.46237183       7.15765506E-02   4.71100509E-02  0.100583278
  -3.41526604       7.23946691E-02   4.76594903E-02  0.101573430
  -3.36815834       7.32128322E-02   4.82089594E-02  0.102563635
  -3.32105064       7.40309954E-02   4.87584285E-02  0.103553839
  -3.27394485       7.48491287E-02   4.93078791E-02  0.104544006
  -3.22683716       7.56672919E-02   4.98573482E-02  0.105534211
  -3.17972946       7.64854550E-02   5.04068173E-02  0.106524415
  -3.13262367       7.73035809E-02   5.09562604E-02  0.107514575
  -3.08551598       7.81217366E-02   5.15057221E-02  0.108504772
  -3.03840828       7.89398998E-02   5.20551912E-02  0.109494977
  -2.99130249       7.97580332E-02   5.26046455E-02  0.110485144
  -2.94419479       8.05761963E-02   5.31541146E-02  0.111475348
  -2.89708710       8.16153511E-02   5.39479069E-02  0.112567678
  -2.84997940       8.26761127E-02   5.47655895E-02  0.113670006
  -2.80287361       8.37368295E-02   5.55832312E-02  0.114772275
  -2.75576591       8.47975910E-02   5.64009137E-02  0.115874603
  -2.70865822       8.58583450E-02   5.72185889E-02  0.116976917
  -2.66155243       8.69190618E-02   5.80362342E-02  0.118079193
  -2.61444473       8.79798234E-02   5.88539168E-02  0.119181514
  -2.56733704       8.90405849E-02   5.96715957E-02  0.120283835
  -2.52023125       9.01013017E-02   6.04892410E-02  0.121386111
  -2.47312355       9.11620557E-02   6.13069162E-02  0.122488424
  -2.42601585       9.22228172E-02   6.21245950E-02  0.123590745
  -2.37891006       9.32835340E-02   6.29422441E-02  0.124693021
  -2.33180237       9.43442956E-02   6.37599230E-02  0.125795349
  -2.28469467       9.54050496E-02   6.45775944E-02  0.126897663
  -2.23758698       9.64658111E-02   6.53952807E-02  0.127999976
  -2.19048119       9.75265279E-02   6.62129223E-02  0.129102260
  -2.14337349       9.85872895E-02   6.70306087E-02  0.130204573
  -2.09626579       9.96480435E-02   6.78482801E-02  0.131306887
  -2.04916000      0.100708768       6.86659291E-02  0.132409170
  -2.00205231      0.101769522       6.94836080E-02  0.133511484
  -1.95494461      0.102830283       7.03012794E-02  0.134613812
  -1.90783882      0.103891000       7.11189359E-02  0.135716081
  -1.86073112      0.104951762       7.19366074E-02  0.136818409
  -1.81362343      0.106012523       7.27542937E-02  0.137920737
  -1.76651764      0.107073233       7.35719353E-02  0.139023006
  -1.71940994      0.108133994       7.43896067E-02  0.140125319
  -1.67230225      0.109194756       7.52072930E-02  0.141227648
  -1.62519455      0.110255510       7.60249645E-02  0.142329961
  -1.57808876      0.111316234       7.68426210E-02  0.143432245
  -1.53098106      0.112376988       7.76602924E-02  0.144534558
  -1.48387337      0.113437742       7.84779638E-02  0.145636871
  -1.43676758      0.114498466       7.92956203E-02  0.146739155
  -1.38965988      0.115559220       8.01132917E-02  0.147841468
  -1.34255219      0.116619989       8.09309781E-02  0.148943797
  -1.29544640      0.117680699       8.17486197E-02  0.150046065
  -1.24833870      0.118741460       8.25662985E-02  0.151148379
  -1.20123100      0.119802222       8.33839774E-02  0.152250707
  -1.15412521      0.120862931       8.42016190E-02  0.153352976
  -1.10701752      0.121923700       8.50193053E-02  0.154455304
  -1.05990982      0.122984454       8.58369842E-02  0.155557618
  -1.01280403      0.124045171       8.66546258E-02  0.156659901
 -0.965696335      0.125105932       8.74723047E-02  0.157762215
 -0.918588638      0.126166686       8.82899836E-02  0.158864528
 -0.871480942      0.127227455       8.91076699E-02  0.159966856
 -0.824375153      0.128288165       8.99253041E-02  0.161069125
 -0.777267456      0.129348934       9.07429978E-02  0.162171453
 -0.730159760      0.130409688       9.15606767E-02  0.163273782
 -0.683053970      0.131470397       9.23783109E-02  0.164376050
 -0.635946274      0.132531166       9.31959972E-02  0.165478379
 -0.588838577      0.133591920       9.40136686E-02  0.166580677
 -0.541732788      0.134652644       9.48313251E-02  0.167682976
 -0.494625092      0.135713398       9.56489965E-02  0.168785274
 -0.447517395      0.136774153       9.64666754E-02  0.169887602
 -0.400411606      0.137834877       9.72843245E-02  0.170989871
 -0.353303909      0.138895631       9.81019959E-02  0.172092199
 -0.306196213      0.139956385       9.89196748E-02  0.173194513
 -0.259088516      0.141017139       9.97373462E-02  0.174296826
 -0.211982727      0.142077863      0.100555003      0.175399110
 -0.164875031      0.143138632      0.101372689      0.176501438
 -0.117767334      0.144199386      0.102190360      0.177603751
  -7.06615448E-02  0.145260096      0.103008002      0.178706020
  -2.35538483E-02  0.146320865      0.103825688      0.179808348
   2.35538483E-02  0.147274330      0.104623303      0.180677965
   7.06596375E-02  0.148120493      0.105400845      0.181314886
  0.117767334      0.148966685      0.106178410      0.181951821
  0.164875031      0.149812877      0.106955975      0.182588771
  0.211980820      0.150659040      0.107733518      0.183225691
  0.259088516      0.151505232      0.108511090      0.183862627
  0.306196213      0.152351424      0.109288663      0.184499562
  0.353303909      0.153197616      0.110066228      0.185136497
  0.400409698      0.154043764      0.110843755      0.185773402
  0.447517395      0.154889956      0.111621320      0.186410353
  0.494625092      0.155736148      0.112398893      0.187047288
  0.541730881      0.156582311      0.113176435      0.187684208
  0.588838577      0.157428503      0.113954008      0.188321143
  0.635946274      0.158274695      0.114731573      0.188958079
  0.683052063      0.159120843      0.115509100      0.189594984
  0.730159760      0.159967035      0.116286665      0.190231934
  0.777267456      0.160813227      0.117064238      0.190868869
  0.824373245      0.161659390      0.117841780      0.191505790
  0.871480942      0.162505582      0.118619353      0.192142725
  0.918588638      0.163351774      0.119396918      0.192779660
  0.965696335      0.164197966      0.120174482      0.193416610
   1.01280212      0.165044114      0.120952010      0.194053516
   1.05990982      0.165890306      0.121729583      0.194690451
   1.10701752      0.166736498      0.122507155      0.195327386
   1.15412331      0.167582661      0.123284698      0.195964307
   1.20123100      0.168428853      0.124062262      0.196601242
   1.24833870      0.169275045      0.124839827      0.197238192
   1.29544449      0.170121193      0.125617355      0.197875097
   1.34255219      0.170967385      0.126394928      0.198512033
   1.38965988      0.171813577      0.127172500      0.199148968
   1.43676567      0.172659740      0.127950042      0.199785888
   1.48387337      0.173505932      0.128727615      0.200422823
   1.53098106      0.174352124      0.129505172      0.201059774
   1.57808876      0.175198317      0.130282745      0.201696709
   1.62519455      0.176044464      0.131060272      0.202333614
   1.67230225      0.176890656      0.131837845      0.202970549
   1.71940994      0.177736849      0.132615417      0.203607500
   1.76651573      0.178583011      0.133392960      0.204244405
   1.81362343      0.179429203      0.134170517      0.204881355
   1.86073112      0.180275396      0.134948090      0.205518290
   1.90783691      0.181121558      0.135725632      0.206155211
   1.95494461      0.181967735      0.136503190      0.206792131
   2.00205231      0.182813942      0.137280762      0.207429081
   2.04915810      0.183660090      0.138058305      0.208065987
   2.09626579      0.184506282      0.138835862      0.208702937
   2.14337349      0.185352474      0.139613435      0.209339872
   2.19048119      0.186198667      0.140391007      0.209976807
   2.23758698      0.187044829      0.141168550      0.210613728
   2.28469467      0.187891006      0.141946107      0.211250663
   2.33180237      0.188737214      0.142723680      0.211887613
   2.37890816      0.189583361      0.143501207      0.212524518
   2.42601585      0.190429553      0.144278780      0.213161454
   2.47312355      0.191275746      0.145056352      0.213798389
   2.52022934      0.192121893      0.145833880      0.214435294
   2.56733704      0.192968100      0.146611452      0.215072244
   2.61444473      0.193814293      0.147389024      0.215709195
   2.66155052      0.194660440      0.148166552      0.216346100
   2.70865822      0.195506632      0.148944125      0.216983035
   2.75576591      0.196352825      0.149721697      0.217619970
   2.80287170      0.197198987      0.150499225      0.218256891
   2.84997940      0.198045164      0.151276797      0.218893826
   2.89708710      0.198891371      0.152054369      0.219530776
   2.94419479      0.199655116      0.152751431      0.220105827
   2.99130058      0.199575379      0.152624816      0.220047846
   3.03840828      0.199495628      0.152498186      0.219989836
   3.08551598      0.199415892      0.152371585      0.219931856
   3.13262177      0.199336156      0.152244970      0.219873860
   3.17972946      0.199256420      0.152118355      0.219815880
   3.22683716      0.199176684      0.151991740      0.219757885
   3.27394295      0.199096948      0.151865140      0.219699889
   3.32105064      0.199017212      0.151738524      0.219641909
   3.36815834      0.198937476      0.151611909      0.219583914
   3.41526413      0.198857740      0.151485294      0.219525933
   3.46237183      0.198778003      0.151358694      0.219467938
   3.50947952      0.198698252      0.151232064      0.219409928
   3.55658722      0.198618516      0.151105449      0.219351947
   3.60369301      0.198538780      0.150978833      0.219293952
   3.65080070      0.198459044      0.150852233      0.219235972
   3.69790840      0.198379308      0.150725618      0.219177976
   3.74501419      0.198299572      0.150599003      0.219119981
   3.79212189      0.198219836      0.150472388      0.219062001
   3.83922958      0.198140100      0.150345773      0.219004005
   3.88633537      0.198060364      0.150219172      0.218946025
   3.93344307      0.197980627      0.150092557      0.218888029
   3.98055077      0.197900876      0.149965927      0.218830019
   4.02765656      0.197821155      0.149839342      0.218772054
   4.07476425      0.197741404      0.149712712      0.218714043
   4.12187195      0.197661668      0.149586096      0.218656063
   4.16897964      0.197581932      0.149459481      0.218598068
   4.21608543      0.197502196      0.149332881      0.218540072
   4.26319313      0.197422460      0.149206251      0.218482092
   4.31030083      0.197342724      0.149079651      0.218424097
   4.35740662      0.197262987      0.148953035      0.218366116
   4.40451431      0.197183251      0.148826420      0.218308121
   4.45162201      0.197103500      0.148699790      0.218250126
   4.49872780      0.197023779      0.148573205      0.218192145
   4.54583549      0.196944028      0.148446575      0.218134135
   4.59294319      0.196864292      0.148319960      0.218076155
   4.64004898      0.196784556      0.148193359      0.218018159
   4.68715668      0.196704820      0.148066744      0.217960179
   4.73426437      0.196625084      0.147940129      0.217902184
   4.78137207      0.196545348      0.147813514      0.217844188
   4.82847786      0.196465611      0.147686899      0.217786208
   4.87558556      0.196385875      0.147560298      0.217728212
   4.92269325      0.196306139      0.147433683      0.217670232
   4.96979904      0.196226403      0.147307068      0.217612237
   5.01690674      0.196146652      0.147180438      0.217554227
   5.06401443      0.196066916      0.147053838      0.217496246
   5.11112022      0.195987180      0.146927223      0.217438251
   5.15822792      0.195907444      0.146800607      0.217380270
   5.20533562      0.195827708      0.146673992      0.217322275
   5.25244141      0.195747972      0.146547392      0.217264295
   5.29954910      0.195668235      0.146420777      0.217206299
   5.34665680      0.195588499      0.146294162      0.217148304
   5.39376450      0.195508763      0.146167547      0.217090324
   5.44087029      0.195429027      0.146040946      0.217032328
   5.48797798      0.195349276      0.145914316      0.216974318
   5.53508568      0.195269540      0.145787701      0.216916338
   5.58219147      0.195189804      0.145661086      0.216858342
   5.62929916      0.195110068      0.145534486      0.216800362
   5.67640686      0.195030332      0.145407870      0.216742367
   5.72351265      0.194950595      0.145281255      0.216684371
   5.77062035      0.194870859      0.145154640      0.216626391
   5.81772804      0.194791123      0.145028025      0.216568395
   5.86483383      0.194711387      0.144901425      0.216510415
   5.91194153      0.193989724      0.144327193      0.215933040
   5.95904922      0.192963287      0.143540457      0.215109095
   6.00615692      0.191936836      0.142753705      0.214285135
   6.05326271      0.190910429      0.141966984      0.213461205
   6.10037041      0.189883977      0.141180232      0.212637231
   6.14747810      0.188857526      0.140393466      0.211813271
   6.19458389      0.187831119      0.139606759      0.210989341
   6.24169159      0.186804682      0.138820022      0.210165396
   6.28879929      0.185778230      0.138033271      0.209341422
   6.33590508      0.184751824      0.137246549      0.208517492
   6.38301277      0.183725372      0.136459798      0.207693532
   6.43012047      0.182698920      0.135673031      0.206869572
   6.47722626      0.181672513      0.134886324      0.206045642
   6.52433395      0.180646077      0.134099573      0.205221683
   6.57144165      0.179619625      0.133312821      0.204397723
   6.61854744      0.178593218      0.132526100      0.203573793
   6.66565514      0.177566767      0.131739348      0.202749833
   6.71276283      0.176540315      0.130952597      0.201925859
   6.75987053      0.175513878      0.130165860      0.201101914
   6.80697632      0.174487472      0.129379138      0.200277984
   6.85408401      0.173461020      0.128592387      0.199454024
   6.90119171      0.172434568      0.127805635      0.198630050
   6.94829750      0.171408162      0.127018914      0.197806120
   6.99540520      0.170381725      0.126232177      0.196982175
   7.04251289      0.169355273      0.125445426      0.196158215
   7.08961868      0.168328866      0.124658704      0.195334285
   7.13672638      0.167302415      0.123871945      0.194510311
   7.18383408      0.166275963      0.123085193      0.193686351
   7.23093987      0.165249556      0.122298472      0.192862421
   7.27804756      0.164223120      0.121511735      0.192038476
   7.32515526      0.163196668      0.120724976      0.191214502
   7.37226295      0.162170216      0.119938225      0.190390542
   7.41936874      0.161143810      0.119151510      0.189566612
   7.46647644      0.160117358      0.118364751      0.188742653
   7.51358414      0.159090921      0.117578015      0.187918693
   7.56068993      0.158064514      0.116791293      0.187094778
   7.60779762      0.157038063      0.116004542      0.186270803
   7.65490532      0.156011611      0.115217790      0.185446844
   7.70201111      0.154985204      0.114431068      0.184622914
   7.74911880      0.153958768      0.113644332      0.183798969
   7.79622650      0.152932316      0.112857580      0.182974994
   7.84333229      0.151905909      0.112070858      0.182151064
   7.89043999      0.150879458      0.111284107      0.181327105
   7.93754768      0.149853006      0.110497348      0.180503130
   7.98465538      0.148826569      0.109710611      0.179679185
   8.03176117      0.147800148      0.108923875      0.178855240
   8.07886887      0.146773711      0.108137138      0.178031296
   8.12597656      0.145747259      0.107350379      0.177207321
   8.17308235      0.144720852      0.106563665      0.176383406
   8.22019005      0.143694401      0.105776913      0.175559431
   8.26729774      0.142667949      0.104990155      0.174735472
   8.31440353      0.141641557      0.104203455      0.173911557
   8.36151123      0.140615106      0.103416696      0.173087597
   8.40861893      0.139588654      0.102629945      0.172263622
   8.45572472      0.138562247      0.101843223      0.171439692
   8.50283241      0.137535810      0.101056486      0.170615748
   8.54994011      0.136509359      0.100269735      0.169791788
   8.59704781      0.135482907       9.94829834E-02  0.168967813
   8.64415550      0.134456456       9.86962244E-02  0.168143854
   8.69125938      0.133430094       9.79095399E-02  0.167319953
   8.73836708      0.132403642       9.71227884E-02  0.166495994
   8.78547478      0.131377190       9.63360369E-02  0.165672034
   8.83258247      0.130398124       9.55886617E-02  0.164814770
   8.87969017      0.129549026       9.49493051E-02  0.163866118
   8.92679787      0.128699943       9.43099558E-02  0.162917495
   8.97390556      0.127850845       9.36705917E-02  0.161968827
   9.02100945      0.127001822       9.30312872E-02  0.161020264
   9.06811714      0.126152739       9.23919380E-02  0.160071641
   9.11522484      0.125303641       9.17525738E-02  0.159122989
   9.16233253      0.124454558       9.11132246E-02  0.158174351
   9.20944023      0.123605467       9.04738754E-02  0.157225698
   9.25654793      0.122756377       8.98345187E-02  0.156277061
   9.30365181      0.121907353       8.91952142E-02  0.155328497
   9.35075951      0.121058263       8.85558575E-02  0.154379860
   9.39786720      0.120209172       8.79165083E-02  0.153431207
   9.44497490      0.119360082       8.72771442E-02  0.152482569
   9.49208260      0.118510991       8.66377950E-02  0.151533931
   9.53919029      0.117661901       8.59984383E-02  0.150585294
   9.58629799      0.116812810       8.53590816E-02  0.149636641
   9.63340187      0.115963787       8.47197771E-02  0.148688078
   9.68050957      0.115114696       8.40804279E-02  0.147739440
   9.72761726      0.114265606       8.34410638E-02  0.146790788
   9.77472496      0.113416515       8.28017145E-02  0.145842150
   9.82183266      0.112567425       8.21623579E-02  0.144893512
   9.86894035      0.111718334       8.15230012E-02  0.143944860
   9.91604424      0.110869311       8.08836967E-02  0.142996296
   9.96315193      0.110020220       8.02443475E-02  0.142047659
   10.0102596      0.109171130       7.96049908E-02  0.141099006
   10.0573673      0.108322039       7.89656341E-02  0.140150368
   10.1044750      0.107472949       7.83262774E-02  0.139201730
   10.1515827      0.106623858       7.76869208E-02  0.138253093
   10.1986904      0.105774768       7.70475715E-02  0.137304440
   10.2457943      0.104925744       7.64082670E-02  0.136355877
   10.2929020      0.104076654       7.57689103E-02  0.135407239
   10.3400097      0.103227563       7.51295537E-02  0.134458587
   10.3871174      0.102378473       7.44901970E-02  0.133509949
   10.4342251      0.101529382       7.38508403E-02  0.132561311
   10.4813328      0.100680292       7.32114911E-02  0.131612659
   10.5284367       9.98312682E-02   7.25721866E-02  0.130664095
   10.5755444       9.89821777E-02   7.19328299E-02  0.129715458
   10.6226521       9.81330872E-02   7.12934732E-02  0.128766805
   10.6697598       9.72839966E-02   7.06541240E-02  0.127818167
   10.7168674       9.64349061E-02   7.00147599E-02  0.126869529
   10.7639751       9.55858156E-02   6.93754107E-02  0.125920892
   10.8110828       9.47367251E-02   6.87360540E-02  0.124972247
   10.8581867       9.38877016E-02   6.80967495E-02  0.124023676
   10.9052944       9.30386111E-02   6.74573928E-02  0.123075038
   10.9524021       9.21895206E-02   6.68180436E-02  0.122126393
   10.9995098       9.13404301E-02   6.61786795E-02  0.121177748
   11.0466175       9.04913396E-02   6.55393302E-02  0.120229110
   11.0937252       8.96422490E-02   6.48999736E-02  0.119280465
   11.1408291       8.87932256E-02   6.42606691E-02  0.118331894
   11.1879368       8.79441351E-02   6.36213124E-02  0.117383257
   11.2350445       8.70950371E-02   6.29819483E-02  0.116434604
   11.2821522       8.62459540E-02   6.23426065E-02  0.115485974
   11.3292599       8.53968635E-02   6.17032498E-02  0.114537328
   11.3763676       8.45477730E-02   6.10638931E-02  0.113588691
   11.4234753       8.36986825E-02   6.04245402E-02  0.112640046
   11.4705791       8.28496516E-02   5.97852282E-02  0.111691475
   11.5176868       8.20005685E-02   5.91458790E-02  0.110742837
   11.5647945       8.11514780E-02   5.85065261E-02  0.109794192
   11.6119022       8.03023875E-02   5.78671694E-02  0.108845547
   11.6590099       7.94532970E-02   5.72278127E-02  0.107896909
   11.7061176       7.86042064E-02   5.65884598E-02  0.106948264
   11.7532215       7.77551830E-02   5.59491552E-02  0.105999701
   11.8003292       7.71530643E-02   5.54345287E-02  0.105450466
   11.8474369       7.65924528E-02   5.49408644E-02  0.104968354
   11.8945446       7.60318413E-02   5.44471964E-02  0.104486249
   11.9416523       7.54712299E-02   5.39535321E-02  0.104004145
   11.9887600       7.49106258E-02   5.34598753E-02  0.103522040
   12.0358677       7.43500143E-02   5.29662073E-02  0.103039935
   12.0829716       7.37894475E-02   5.24725839E-02  0.102557868
   12.1300793       7.32288361E-02   5.19789159E-02  0.102075756
   12.1771870       7.26682320E-02   5.14852554E-02  0.101593658
   12.2242947       7.21076205E-02   5.09915911E-02  0.101111554
   12.2714024       7.15470091E-02   5.04979268E-02  0.100629449
   12.3185101       7.09863976E-02   5.00042588E-02  0.100147337
   12.3656139       7.04258382E-02   4.95106429E-02   9.96652767E-02
   12.4127216       6.98652267E-02   4.90169749E-02   9.91831720E-02
   12.4598293       6.93046153E-02   4.85233068E-02   9.87010598E-02
   12.5069370       6.87440038E-02   4.80296426E-02   9.82189551E-02
   12.5540447       6.81833923E-02   4.75359783E-02   9.77368504E-02
   12.6011524       6.76227883E-02   4.70423177E-02   9.72547531E-02
   12.6482601       6.70621768E-02   4.65486534E-02   9.67726409E-02
   12.6953640       6.65016100E-02   4.60550264E-02   9.62905735E-02
   12.7424717       6.59410059E-02   4.55613658E-02   9.58084762E-02
   12.7895794       6.53803945E-02   4.50677052E-02   9.53263640E-02
   12.8366871       6.48197830E-02   4.45740372E-02   9.48442593E-02
   12.8837948       6.42591715E-02   4.40803692E-02   9.43621546E-02
   12.9309025       6.36985600E-02   4.35867049E-02   9.38800499E-02
   12.9780064       6.31380007E-02   4.30930853E-02   9.33979899E-02
   13.0251141       6.25773892E-02   4.25994210E-02   9.29158777E-02
   13.0722218       6.20167777E-02   4.21057567E-02   9.24337730E-02
   13.1193295       6.14561699E-02   4.16120924E-02   9.19516683E-02
   13.1664371       6.08955622E-02   4.11184281E-02   9.14695635E-02
   13.2135448       6.03349507E-02   4.06247638E-02   9.09874588E-02
   13.2606487       5.97743839E-02   4.01311368E-02   9.05053914E-02
   13.3077564       5.92137761E-02   3.96374762E-02   9.00232866E-02
   13.3548641       5.86531684E-02   3.91438156E-02   8.95411819E-02
   13.4019718       5.80925569E-02   3.86501476E-02   8.90590772E-02
   13.4490795       5.75319454E-02   3.81564833E-02   8.85769725E-02
   13.4961872       5.69713376E-02   3.76628190E-02   8.80948678E-02
   13.5432949       5.64107299E-02   3.71691585E-02   8.76127630E-02
   13.5903988       5.58501631E-02   3.66755314E-02   8.71306956E-02
   13.6375065       5.52895516E-02   3.61818671E-02   8.66485834E-02
   13.6846142       5.47289401E-02   3.56881991E-02   8.61664861E-02
   13.7317219       5.41683324E-02   3.51945385E-02   8.56843740E-02
   13.7788296       5.36077246E-02   3.47008780E-02   8.52022767E-02
   13.8259373       5.30471131E-02   3.42072099E-02   8.47201645E-02
   13.8730412       5.24865501E-02   3.37135866E-02   8.42381045E-02
   13.9201488       5.19259423E-02   3.32199261E-02   8.37559998E-02
   13.9672565       5.13653308E-02   3.27262580E-02   8.32738876E-02
   14.0143642       5.08047193E-02   3.22325937E-02   8.27917904E-02
   14.0614719       5.02441078E-02   3.17389295E-02   8.23096782E-02
   14.1085796       4.96835001E-02   3.12452652E-02   8.18275809E-02
   14.1556873       4.91228923E-02   3.07516046E-02   8.13454688E-02
   14.2027912       4.85623255E-02   3.02579775E-02   8.08634013E-02
   14.2498989       4.80017141E-02   2.97643114E-02   8.03812966E-02
   14.2970066       4.74411063E-02   2.92706490E-02   7.98991919E-02
   14.3441143       4.68804985E-02   2.87769884E-02   7.94170946E-02
   14.3912220       4.63198870E-02   2.82833222E-02   7.89349824E-02
   14.4383297       4.57592756E-02   2.77896561E-02   7.84528777E-02
   14.4854336       4.51987125E-02   2.72960328E-02   7.79708102E-02
   14.5325413       4.46381010E-02   2.68023666E-02   7.74887055E-02
   14.5796490       4.40774933E-02   2.63087042E-02   7.70066008E-02
   14.6267567       4.35168818E-02   2.58150399E-02   7.65244961E-02
   14.6738644       4.29562740E-02   2.53213774E-02   7.60423914E-02
   14.7209721       4.24608402E-02   2.48851757E-02   7.56329522E-02
   14.7680798       4.21800651E-02   2.46382281E-02   7.54628479E-02
   14.8151836       4.18993123E-02   2.43913010E-02   7.52927512E-02
   14.8622913       4.16185372E-02   2.41443552E-02   7.51226395E-02
   14.9093990       4.13377620E-02   2.38974076E-02   7.49525279E-02
   14.9565067       4.10569869E-02   2.36504618E-02   7.47824237E-02
   15.0036144       4.07762118E-02   2.34035142E-02   7.46123195E-02
   15.0507221       4.04954404E-02   2.31565721E-02   7.44422078E-02
   15.0978260       4.02146876E-02   2.29096450E-02   7.42721185E-02
   15.1449337       3.99339125E-02   2.26626974E-02   7.41020143E-02
   15.1920414       3.96531373E-02   2.24157497E-02   7.39319026E-02
   15.2391491       3.93723622E-02   2.21688040E-02   7.37617910E-02
   15.2862568       3.90915871E-02   2.19218563E-02   7.35916868E-02
   15.3333645       3.88108119E-02   2.16749106E-02   7.34215751E-02
   15.3804722       3.85300368E-02   2.14279629E-02   7.32514709E-02
   15.4275761       3.82492840E-02   2.11810358E-02   7.30813742E-02
   15.4746838       3.79685089E-02   2.09340900E-02   7.29112625E-02
   15.5217915       3.76877338E-02   2.06871424E-02   7.27411583E-02
   15.5688992       3.74069586E-02   2.04401948E-02   7.25710541E-02
   15.6160069       3.71261835E-02   2.01932490E-02   7.24009424E-02
   15.6631145       3.68454084E-02   1.99463014E-02   7.22308308E-02
   15.7102184       3.65646556E-02   1.96993742E-02   7.20607340E-02
   15.7573261       3.62838805E-02   1.94524284E-02   7.18906298E-02
   15.8044338       3.60031053E-02   1.92054808E-02   7.17205256E-02
   15.8515415       3.57223302E-02   1.89585350E-02   7.15504140E-02
   15.8986492       3.54415551E-02   1.87115874E-02   7.13803023E-02
   15.9457569       3.51607800E-02   1.84646398E-02   7.12101981E-02
   15.9928646       3.48800048E-02   1.82176940E-02   7.10400939E-02
   16.0399685       3.45992520E-02   1.79707669E-02   7.08699971E-02
   16.0870762       3.43184769E-02   1.77238192E-02   7.06998855E-02
   16.1341839       3.40377018E-02   1.74768735E-02   7.05297738E-02
   16.1812916       3.37569267E-02   1.72299258E-02   7.03596696E-02
   16.2283993       3.34761515E-02   1.69829782E-02   7.01895654E-02
   16.2755070       3.31953764E-02   1.67360324E-02   7.00194538E-02
   16.3226109       3.29146236E-02   1.64891053E-02   6.98493570E-02
   16.3697186       3.26338485E-02   1.62421577E-02   6.96792454E-02
   16.4168262       3.23530734E-02   1.59952119E-02   6.95091411E-02
   16.4639339       3.20722982E-02   1.57482643E-02   6.93390369E-02
   16.5110416       3.17915231E-02   1.55013185E-02   6.91689253E-02
   16.5581493       3.15107517E-02   1.52543746E-02   6.89988211E-02
   16.6052570       3.12299747E-02   1.50074251E-02   6.88287094E-02
   16.6523609       3.09492219E-02   1.47604980E-02   6.86586201E-02
   16.6994686       3.06684468E-02   1.45135522E-02   6.84885085E-02
   16.7465763       3.03876735E-02   1.42666064E-02   6.83183968E-02
   16.7936840       3.01068984E-02   1.40196607E-02   6.81482926E-02
   16.8407917       2.98261233E-02   1.37727130E-02   6.79781884E-02
   16.8878994       2.95453463E-02   1.35257635E-02   6.78080767E-02
   16.9350033       2.92645954E-02   1.32788382E-02   6.76379800E-02
   16.9821110       2.89838202E-02   1.30318925E-02   6.74678758E-02
   17.0292187       2.87030451E-02   1.27849448E-02   6.72977716E-02
   17.0763264       2.84222700E-02   1.25379991E-02   6.71276599E-02
   17.1234341       2.81414948E-02   1.22910514E-02   6.69575483E-02
   17.1705418       2.78607197E-02   1.20441057E-02   6.67874441E-02
   17.2176495       2.75799446E-02   1.17971580E-02   6.66173324E-02
   17.2647533       2.72991918E-02   1.15502309E-02   6.64472431E-02
   17.3118610       2.70184167E-02   1.13032833E-02   6.62771314E-02
   17.3589687       2.67376415E-02   1.10563375E-02   6.61070198E-02
   17.4060764       2.64568664E-02   1.08093899E-02   6.59369156E-02
   17.4531841       2.61760913E-02   1.05624441E-02   6.57668114E-02
   17.5002918       2.58953162E-02   1.03154965E-02   6.55966997E-02
   17.5473957       2.56145634E-02   1.00685693E-02   6.54266030E-02
   17.5945034       2.53337882E-02   9.82162263E-03   6.52564913E-02
   17.6416111       2.50530150E-02   9.57467780E-03   6.50863871E-02
   17.6887188       2.49716360E-02   9.50289797E-03   6.49838075E-02
   17.7358265       2.49334592E-02   9.46907047E-03   6.48958534E-02
   17.7829342       2.48952806E-02   9.43524111E-03   6.48078918E-02
   17.8300419       2.48571038E-02   9.40141361E-03   6.47199452E-02
   17.8771458       2.48189289E-02   9.36758798E-03   6.46319985E-02
   17.9242535       2.47807521E-02   9.33376048E-03   6.45440444E-02
   17.9713612       2.47425735E-02   9.29993112E-03   6.44560903E-02
   18.0184689       2.47043967E-02   9.26610362E-03   6.43681362E-02
   18.0655766       2.46662181E-02   9.23227426E-03   6.42801821E-02
   18.1126842       2.46280413E-02   9.19844676E-03   6.41922280E-02
   18.1597881       2.45898664E-02   9.16462112E-03   6.41042888E-02
   18.2068958       2.45516878E-02   9.13079176E-03   6.40163273E-02
   18.2540035       2.45135110E-02   9.09696426E-03   6.39283732E-02
   18.3011112       2.44753323E-02   9.06313490E-03   6.38404191E-02
   18.3482189       2.44371556E-02   9.02930740E-03   6.37524724E-02
   18.3953266       2.43989769E-02   8.99547897E-03   6.36645183E-02
   18.4424343       2.43608002E-02   8.96165147E-03   6.35765642E-02
   18.4895382       2.43226252E-02   8.92782491E-03   6.34886175E-02
   18.5366459       2.42844485E-02   8.89399834E-03   6.34006634E-02
   18.5837536       2.42462698E-02   8.86016898E-03   6.33127093E-02
   18.6308613       2.42080931E-02   8.82634148E-03   6.32247552E-02
   18.6779690       2.41699144E-02   8.79251212E-03   6.31368011E-02
   18.7250767       2.41317376E-02   8.75868462E-03   6.30488470E-02
   18.7721806       2.40935627E-02   8.72485898E-03   6.29609004E-02
   18.8192883       2.40553841E-02   8.69102962E-03   6.28729463E-02
   18.8663960       2.40172073E-02   8.65720212E-03   6.27849996E-02
   18.9135036       2.39790287E-02   8.62337276E-03   6.26970381E-02
   18.9606113       2.39408519E-02   8.58954526E-03   6.26090840E-02
   19.0077190       2.39026733E-02   8.55571590E-03   6.25211298E-02
   19.0548267       2.38644965E-02   8.52188841E-03   6.24331795E-02
   19.1019306       2.38263216E-02   8.48806277E-03   6.23452365E-02
   19.1490383       2.37881429E-02   8.45423341E-03   6.22572787E-02
   19.1961460       2.37499662E-02   8.42040591E-03   6.21693246E-02
   19.2432537       2.37117875E-02   8.38657748E-03   6.20813742E-02
   19.2903614       2.36736108E-02   8.35274998E-03   6.19934201E-02
   19.3374691       2.36354321E-02   8.31892062E-03   6.19054660E-02
   19.3845730       2.35972591E-02   8.28509592E-03   6.18175194E-02
   19.4316807       2.35590804E-02   8.25126749E-03   6.17295653E-02
   19.4787884       2.35209037E-02   8.21743999E-03   6.16416112E-02
   19.5258961       2.34827250E-02   8.18361063E-03   6.15536571E-02
   19.5730038       2.34445482E-02   8.14978313E-03   6.14657067E-02
   19.6201115       2.34063696E-02   8.11595377E-03   6.13777488E-02
   19.6672192       2.33681928E-02   8.08212627E-03   6.12897947E-02
   19.7143230       2.33300179E-02   8.04830063E-03   6.12018518E-02
   19.7614307       2.32918393E-02   8.01447127E-03   6.11138940E-02
   19.8085384       2.32536625E-02   7.98064377E-03   6.10259473E-02
   19.8556461       2.32154839E-02   7.94681441E-03   6.09379895E-02
   19.9027538       2.31773071E-02   7.91298691E-03   6.08500354E-02
   19.9498615       2.31391285E-02   7.87915848E-03   6.07620850E-02
   19.9969654       2.31009554E-02   7.84533378E-03   6.06741384E-02
   20.0440731       2.30627768E-02   7.81150442E-03   6.05861843E-02
   20.0911808       2.30246000E-02   7.77767785E-03   6.04982302E-02
   20.1382885       2.29864214E-02   7.74384849E-03   6.04102761E-02
   20.1853962       2.29482446E-02   7.71002099E-03   6.03223220E-02
   20.2325039       2.29100659E-02   7.67619163E-03   6.02343678E-02
   20.2796116       2.28718892E-02   7.64236413E-03   6.01464175E-02
   20.3267155       2.28337143E-02   7.60853849E-03   6.00584671E-02
   20.3738232       2.27955356E-02   7.57470913E-03   5.99705130E-02
   20.4209309       2.27573588E-02   7.54088163E-03   5.98825626E-02
   20.4680386       2.27191802E-02   7.50705227E-03   5.97946048E-02
   20.5151463       2.26810034E-02   7.47322477E-03   5.97066581E-02
   20.5622540       2.26428248E-02   7.43939541E-03   5.96187003E-02
   20.6093578       2.26022676E-02   7.41689000E-03   5.94622418E-02
   20.6564655       2.25582905E-02   7.41060730E-03   5.92075624E-02
   20.7035732       2.25143135E-02   7.40432460E-03   5.89528829E-02
   20.7506809       2.24703383E-02   7.39804376E-03   5.86982071E-02
   20.7977886       2.24263612E-02   7.39176106E-03   5.84435314E-02
   20.8448963       2.23823842E-02   7.38547835E-03   5.81888482E-02
   20.8920002       2.23384108E-02   7.37919658E-03   5.79341874E-02
   20.9391079       2.22944338E-02   7.37291388E-03   5.76795116E-02
   20.9862156       2.22504567E-02   7.36663118E-03   5.74248284E-02
   21.0333233       2.22064797E-02   7.36034848E-03   5.71701527E-02
   21.0804310       2.21625026E-02   7.35406578E-03   5.69154769E-02
   21.1275387       2.21185256E-02   7.34778307E-03   5.66607937E-02
   21.1746464       2.20745504E-02   7.34150223E-03   5.64061180E-02
   21.2217503       2.20305771E-02   7.33522046E-03   5.61514571E-02
   21.2688580       2.19866000E-02   7.32893776E-03   5.58967814E-02
   21.3159657       2.19426230E-02   7.32265506E-03   5.56421019E-02
   21.3630733       2.18986459E-02   7.31637236E-03   5.53874224E-02
   21.4101810       2.18546689E-02   7.31008966E-03   5.51327430E-02
   21.4572887       2.18106918E-02   7.30380695E-03   5.48780635E-02
   21.5043926       2.17667185E-02   7.29752518E-03   5.46234064E-02
   21.5515003       2.17227414E-02   7.29124248E-03   5.43687269E-02
   21.5986080       2.16787644E-02   7.28495978E-03   5.41140474E-02
   21.6457157       2.16347892E-02   7.27867894E-03   5.38593680E-02
   21.6928234       2.15908121E-02   7.27239624E-03   5.36046922E-02
   21.7399311       2.15468351E-02   7.26611353E-03   5.33500090E-02
   21.7870388       2.15028580E-02   7.25983083E-03   5.30953333E-02
   21.8341427       2.14588847E-02   7.25354906E-03   5.28406724E-02
   21.8812504       2.14149076E-02   7.24726636E-03   5.25859967E-02
   21.9283581       2.13709306E-02   7.24098366E-03   5.23313135E-02
   21.9754658       2.13269535E-02   7.23470096E-03   5.20766377E-02
   22.0225735       2.12829784E-02   7.22842012E-03   5.18219583E-02
   22.0696812       2.12390013E-02   7.22213835E-03   5.15672788E-02
   22.1167850       2.11950280E-02   7.21585564E-03   5.13126217E-02
   22.1638927       2.11510509E-02   7.20957294E-03   5.10579422E-02
   22.2110004       2.11070739E-02   7.20329024E-03   5.08032627E-02
   22.2581081       2.10630968E-02   7.19700847E-03   5.05485833E-02
   22.3052158       2.10191198E-02   7.19072483E-03   5.02939075E-02
   22.3523235       2.09751427E-02   7.18444306E-03   5.00392243E-02
   22.3994312       2.09311657E-02   7.17816036E-03   4.97845486E-02
   22.4465351       2.08871923E-02   7.17187766E-03   4.95298877E-02
   22.4936428       2.08432171E-02   7.16559775E-03   4.92752120E-02
   22.5407505       2.07992401E-02   7.15931505E-03   4.90205288E-02
   22.5878582       2.07552630E-02   7.15303235E-03   4.87658530E-02
   22.6349659       2.07112860E-02   7.14674965E-03   4.85111736E-02
   22.6820736       2.06673089E-02   7.14046694E-03   4.82564941E-02
   22.7291775       2.06233356E-02   7.13418424E-03   4.80018333E-02
   22.7762852       2.05793586E-02   7.12790247E-03   4.77471575E-02
   22.8233929       2.05353815E-02   7.12161977E-03   4.74924780E-02
   22.8705006       2.04914063E-02   7.11533893E-03   4.72377986E-02
   22.9176083       2.04474293E-02   7.10905623E-03   4.69831228E-02
   22.9647160       2.04034522E-02   7.10277352E-03   4.67284434E-02
   23.0118237       2.03594752E-02   7.09649082E-03   4.64737639E-02
   23.0589275       2.03155018E-02   7.09020905E-03   4.62191030E-02
   23.1060352       2.02715248E-02   7.08392635E-03   4.59644273E-02
   23.1531429       2.02275477E-02   7.07764365E-03   4.57097478E-02
   23.2002506       2.01835707E-02   7.07136095E-03   4.54550683E-02
   23.2473583       2.01395936E-02   7.06507824E-03   4.52003889E-02
   23.2944660       2.00956166E-02   7.05879554E-03   4.49457094E-02
   23.3415699       2.00516433E-02   7.05251377E-03   4.46910523E-02
   23.3886776       2.00076681E-02   7.04623293E-03   4.44363728E-02
   23.4357853       1.99636910E-02   7.03995023E-03   4.41816971E-02
   23.4828930       1.99197140E-02   7.03366753E-03   4.39270139E-02
   23.5300007       1.99197140E-02   7.03366753E-03   4.39270139E-02
