-10.1275 -7.42369 223.9 2
-10.025 -4.94523 222.0 2
-8.57 2.13323 200.9 2
-8.1 -8.40985 204.5 2
-7.88 2.19092 210.4 2
-7.5025 -0.783692 210.5 2
-6.8175 2.24862 194.6 2
-6.775 -2.44677 200.3 2
-6.5375 2.06631 230.7 2
-6.1525 1.90015 212.9 2
-6.0075 -4.21754 205.4 2
-5.725 -1.53677 204.6 2
-5.6525 -4.66138 231.2 2
-5.48 7.40323 210.4 2
-4.9725 1.68785 209.4 2
-4.7025 -2.73754 209.3 2
-4.695 -4.17215 224.4 2
-3.855 3.85862 203.8 2
-3.5775 -0.292154 217.0 2
-3.4325 -1.22446 199.5 2
-3.265 2.78938 203.2 2
-2.7825 -0.280615 204.2 2
-2.7575 -1.58985 211.5 2
-2.5775 5.65477 206.7 2
-2.225 -2.80215 211.9 2
-2.2 2.19092 209.6 2
-1.9775 -0.0421538 213.5 2
-1.485 -1.416 217.3 2
-1.435 -1.72138 213.3 2
-1.065 0.437846 224.2 2
-1.05 2.84862 212.8 2
-0.9 -1.98908 204.1 2
-0.66 1.81015 203.9 2
-0.615 -0.397538 217.8 2
-0.5775 0.818615 217.8 2
-0.505 -2.416 209.2 2
-0.49 0.520923 222.2 2
-0.4725 -1.31446 200.9 2
-0.3125 -7.33369 219.2 2
-0.225 -13.1398 208.4 2
-0.0875 0.160923 215.6 2
-0.0525 -0.608308 191.7 2
-0.025 -1.62215 207.7 2
-0.01 -2.47908 210.1 2
0.2475 0.954769 227.2 2
0.56 0.0916923 203.4 2
0.73 -6.13215 198.4 2
0.8475 0.608615 215.1 2
1.2875 -0.381385 208.7 2
1.39 0.636308 206.0 2
1.645 0.657846 219.5 2
1.68 2.13554 208.0 2
1.7275 -0.126 198.9 2
1.9 -6.53446 216.9 2
2.465 2.454 209.3 2
2.805 -2.15831 207.9 2
2.8575 2.20938 205.7 2
2.895 0.710154 207.7 2
2.9325 2.77323 210.7 2
3.09 -1.03138 205.1 2
3.11 1.604 205.1 2
3.225 -0.486 213.0 2
5.0675 10.2117 206.7 2
5.1675 -7.97523 217.2 2
5.18 0.274 197.6 2
6.05 -2.62215 219.2 2
6.2575 3.53477 217.4 2
6.925 0.034 212.9 2
9.065 -5.00754 204.5 2
9.84 -3.25677 206.8 2
10.0475 5.67323 220.4 2
